[(0, 0), (1, 1), (2, 2), (3, 3), (4, 4), (5, 4), (6, 5)]
[(0, 2), (1, 0), (1, 1), (2, 3), (3, 4), (4, 19), (6, 6), (7, 6), (8, 7), (9, 8), (9, 10), (10, 11), (11, 12), (12, 13), (13, 13), (13, 14), (14, 17), (21, 24), (22, 25), (23, 26), (24, 27), (25, 34), (26, 36), (26, 37), (27, 38), (27, 39), (27, 55), (28, 40), (31, 30), (32, 31), (33, 32), (34, 58), (35, 59), (36, 48), (36, 60), (37, 61), (38, 64), (38, 65), (39, 66), (40, 66), (42, 67), (43, 63), (45, 63), (46, 63), (47, 68)]
[(0, 0), (1, 1), (2, 20), (3, 2), (4, 2), (5, 11), (6, 11), (7, 12), (8, 3), (9, 8), (10, 8), (11, 9), (12, 10), (14, 4), (14, 6), (15, 5), (15, 6), (16, 13), (17, 15), (18, 17), (18, 18), (19, 17), (20, 19), (25, 22), (26, 25), (27, 26), (28, 24), (29, 27)]
[(0, 0), (1, 2), (2, 6), (3, 7), (4, 7), (4, 8), (5, 9), (6, 10), (7, 12), (8, 3), (9, 14), (10, 4), (10, 15), (13, 16), (14, 16), (16, 17), (17, 18), (18, 20), (19, 22), (21, 21), (22, 23), (23, 24), (24, 25), (25, 25), (26, 26), (27, 19), (28, 19), (29, 27)]
[(0, 0), (3, 1), (4, 2), (4, 3), (5, 3), (6, 7), (7, 8), (8, 9), (9, 13), (11, 10), (13, 14), (14, 11), (15, 11), (16, 12), (20, 12), (21, 18), (22, 19), (24, 24), (24, 25), (27, 20), (28, 21), (29, 22), (30, 20), (31, 26)]
[(1, 0), (2, 3), (3, 5), (4, 5), (5, 5), (6, 6), (8, 2), (9, 2), (10, 2), (11, 7), (12, 8), (13, 15), (14, 9), (15, 10), (16, 11), (17, 13), (18, 14), (19, 15), (20, 16), (21, 17), (22, 17), (23, 18), (24, 19), (25, 20), (29, 25), (30, 30), (31, 29), (32, 26), (33, 27), (34, 28), (36, 21), (36, 22), (37, 23), (39, 23), (40, 23), (41, 24), (42, 31)]
[(0, 16), (1, 20), (2, 21), (3, 22), (4, 23), (5, 24), (6, 16), (7, 17), (8, 19), (9, 14), (10, 14), (11, 5), (11, 10), (12, 7), (12, 8), (12, 12), (13, 13), (14, 3), (16, 4), (18, 0), (20, 2), (21, 25)]
[(0, 14), (1, 8), (1, 9), (1, 16), (2, 12), (2, 18), (3, 19), (5, 0), (6, 3), (7, 2), (8, 4), (9, 28), (10, 20), (10, 21), (12, 22), (13, 23), (13, 24), (13, 25), (14, 26), (15, 27), (17, 29), (18, 30), (21, 31), (22, 31), (23, 32), (24, 33), (25, 34), (26, 34), (27, 35), (28, 37), (29, 39), (30, 42), (31, 44), (32, 45), (33, 46), (33, 47), (35, 48), (36, 48), (37, 51), (38, 50), (38, 53)]
[(0, 0), (1, 1), (2, 2), (3, 6), (6, 3), (7, 5), (8, 7), (10, 14), (11, 15), (12, 16), (13, 17), (15, 21), (16, 22), (17, 23), (18, 18), (19, 19), (20, 24), (21, 25), (22, 27), (23, 28), (24, 26), (24, 29), (26, 8), (27, 9), (28, 10), (29, 30), (30, 31), (31, 32), (32, 33), (33, 17), (34, 37), (35, 38), (36, 34), (37, 35), (38, 35), (39, 36), (40, 40), (41, 41), (42, 43), (43, 44), (44, 42), (44, 45), (45, 46)]
[(0, 6), (1, 3), (2, 4), (3, 5), (4, 7), (5, 7), (6, 8), (7, 9), (8, 10), (9, 12), (10, 13), (11, 11), (11, 14), (12, 0), (13, 1), (14, 15)]
[(0, 9), (1, 0), (4, 7), (6, 5), (8, 1), (9, 2), (10, 3), (12, 15), (13, 15), (14, 17), (15, 19), (16, 18), (17, 19), (18, 16), (19, 16), (20, 14), (21, 11), (22, 12), (23, 13), (24, 13), (25, 20), (25, 21), (26, 22), (27, 24), (27, 25), (28, 26), (29, 27), (31, 23), (32, 30), (33, 29), (34, 28), (35, 32), (36, 34), (37, 35), (38, 35), (39, 38), (40, 37), (41, 36), (42, 39), (43, 40), (44, 41), (44, 42), (45, 43)]
[(0, 3), (1, 1), (2, 2), (5, 5), (6, 5), (7, 6), (8, 7), (9, 8), (10, 11), (12, 18), (13, 15), (14, 16), (16, 13), (17, 13), (18, 14), (19, 21)]
[(0, 0), (1, 1), (2, 2), (3, 3), (4, 4), (4, 8), (5, 10), (5, 11), (6, 12), (7, 14), (8, 15), (10, 26), (11, 23), (12, 22), (12, 23), (13, 24), (14, 17), (15, 18), (16, 19), (17, 27), (18, 29), (19, 34), (22, 30), (23, 31), (24, 19), (24, 41), (25, 37), (26, 38), (27, 39), (28, 39), (29, 42), (30, 40), (32, 41), (34, 44)]
[(0, 0), (1, 0), (2, 1), (3, 2), (4, 3), (6, 4), (7, 9), (8, 12), (10, 13), (10, 14), (14, 6), (14, 7), (15, 8), (18, 10), (19, 10), (20, 11), (21, 15)]
[(0, 11), (1, 12), (2, 13), (3, 14), (4, 14), (6, 15), (7, 10), (8, 15), (9, 4), (10, 4), (11, 5), (12, 6), (13, 7), (15, 9), (16, 10), (17, 8), (19, 0), (20, 0), (24, 1), (25, 2), (43, 16)]
[(0, 2), (1, 4), (2, 3), (7, 5), (8, 6), (9, 7), (10, 9), (11, 10), (12, 12), (13, 14), (14, 14), (15, 15), (16, 16), (17, 17), (18, 13), (19, 18), (20, 19), (21, 20), (21, 21), (22, 22), (23, 23), (23, 24), (24, 25), (25, 27), (26, 28), (26, 29), (27, 30), (28, 31), (28, 32), (29, 33), (29, 34), (30, 36), (31, 40), (32, 39), (34, 38), (35, 38), (36, 41), (37, 45), (38, 42), (39, 43), (40, 43), (41, 44), (42, 45), (43, 47), (43, 48), (44, 44), (45, 49), (47, 50), (47, 51), (48, 52)]
[(0, 0), (1, 0), (2, 5), (3, 6), (4, 7), (6, 1), (7, 1), (8, 4), (9, 2), (9, 3), (12, 8), (13, 9), (13, 10), (14, 11), (15, 20), (19, 12), (20, 12), (22, 19), (23, 17), (24, 14), (25, 15), (26, 16), (27, 17), (28, 18), (29, 21)]
[(0, 0), (1, 0), (2, 2), (4, 8), (7, 4), (8, 18), (9, 37), (11, 4), (12, 5), (13, 5), (14, 22), (16, 13), (17, 14), (18, 15), (19, 21), (20, 16), (21, 17), (22, 17), (23, 19), (24, 23), (25, 24), (25, 25), (26, 26), (27, 27), (27, 28), (28, 28), (29, 29), (30, 30), (31, 32), (32, 33), (33, 34), (34, 35), (35, 37), (37, 38), (38, 42), (39, 43), (40, 19), (41, 39), (42, 39), (43, 40), (44, 41), (45, 45)]
[(0, 6), (1, 4), (1, 8), (2, 5), (4, 0), (5, 0), (6, 1), (7, 9), (8, 10), (9, 29), (10, 30), (11, 31), (12, 32), (13, 33), (15, 15), (15, 34), (16, 37), (17, 46), (19, 39), (21, 27), (23, 45), (25, 41), (26, 42), (26, 43), (27, 28), (30, 13), (31, 36), (32, 16), (33, 17), (34, 17), (35, 18), (36, 19), (37, 20), (38, 20), (39, 21), (41, 22), (42, 23), (44, 24), (45, 25), (46, 26), (47, 47)]
[(0, 3), (1, 4), (1, 5), (2, 4), (3, 6), (4, 6), (6, 8), (7, 7), (8, 9), (9, 10), (13, 11), (14, 1), (15, 0), (15, 14), (16, 17), (17, 18), (18, 19), (19, 20), (20, 20), (21, 25), (22, 24), (23, 22), (24, 23), (25, 24), (26, 26), (27, 27), (28, 21), (31, 28)]
[(0, 0), (1, 0), (3, 7), (4, 1), (5, 2), (6, 3), (8, 5), (9, 5), (10, 4), (11, 8), (12, 10), (13, 11), (14, 12), (15, 12), (16, 13), (17, 13), (19, 16), (20, 17), (21, 19), (23, 14), (24, 20), (25, 21), (26, 22), (27, 22), (28, 23), (29, 23), (30, 24), (31, 25), (32, 26), (33, 27), (34, 29), (35, 31), (37, 32), (38, 33), (41, 34)]
[(0, 7), (1, 10), (3, 8), (4, 8), (5, 9), (9, 4), (10, 6), (11, 2), (12, 11), (13, 12), (14, 5), (14, 13), (14, 14), (15, 17), (16, 16), (17, 18), (18, 0), (19, 1), (20, 1), (21, 19)]
[(0, 12), (1, 14), (1, 15), (1, 16), (4, 6), (5, 3), (6, 4), (7, 5), (8, 6), (9, 10), (10, 0), (11, 1), (12, 1), (13, 1), (14, 11), (15, 17), (16, 21), (17, 22), (19, 19), (20, 19), (21, 20), (23, 23), (23, 24), (24, 30), (25, 31), (26, 32), (27, 25), (28, 26), (29, 26), (30, 27), (31, 28), (32, 44), (33, 33), (33, 34), (34, 36), (35, 36), (36, 38), (37, 39), (38, 41), (39, 40), (40, 42), (41, 45), (42, 46), (42, 54), (43, 54), (45, 52), (46, 53), (47, 47), (48, 47), (49, 48), (50, 49), (51, 50), (52, 55)]
[(0, 0), (1, 0), (2, 1), (3, 1), (4, 3), (5, 5), (6, 6), (7, 7), (7, 8), (8, 9), (9, 10), (10, 11), (11, 13), (12, 15), (13, 16), (14, 17), (15, 25), (16, 26), (17, 26), (18, 26), (19, 30), (20, 30), (21, 24), (22, 19), (23, 20), (25, 19), (26, 21), (28, 25), (29, 22), (30, 23), (31, 31)]
[(0, 2), (0, 7), (1, 7), (2, 6), (4, 0), (5, 1), (6, 2), (7, 3), (8, 5), (9, 8), (10, 9), (11, 9), (12, 10), (13, 11), (14, 12), (16, 14), (17, 16), (18, 13), (18, 23), (19, 17), (21, 18), (24, 21), (24, 22), (26, 25), (27, 27), (28, 28), (29, 29), (29, 30), (30, 31), (31, 33), (32, 34), (33, 35), (34, 35), (35, 40), (37, 36), (38, 39), (39, 39), (39, 40), (41, 37), (42, 38), (43, 38), (44, 43)]
[(2, 3), (3, 1), (4, 0), (5, 0), (6, 5), (7, 8), (8, 9), (8, 10), (8, 11), (9, 12), (10, 13), (14, 13), (15, 15), (16, 14), (17, 15), (18, 7), (19, 7), (20, 16), (21, 17), (22, 18), (23, 19), (25, 20), (26, 24), (27, 25), (28, 30), (29, 31), (30, 26), (31, 27), (32, 28), (33, 29), (34, 29), (35, 32), (36, 33), (37, 34), (37, 35), (38, 35), (39, 46), (40, 40), (41, 39), (42, 36), (43, 37), (44, 42), (45, 43), (46, 44), (47, 45), (50, 49), (51, 50), (52, 51)]
[(0, 0), (1, 0), (2, 1), (3, 1), (4, 2), (5, 4), (6, 5), (7, 6), (8, 6), (9, 7), (10, 8), (11, 9), (12, 11), (13, 10), (14, 13), (15, 14), (16, 14), (17, 15), (18, 15), (19, 16), (20, 17), (21, 18), (22, 21), (23, 19), (24, 20), (25, 22), (26, 12), (27, 23), (28, 24), (29, 25)]
[(0, 13), (1, 13), (2, 14), (3, 14), (4, 15), (5, 16), (5, 17), (7, 11), (8, 6), (9, 8), (10, 10), (11, 5), (12, 5), (14, 3), (15, 4), (17, 0), (18, 2), (19, 18)]
[(0, 0), (1, 0), (1, 1), (2, 2), (3, 3), (4, 4)]
[(0, 0), (0, 1), (1, 4), (2, 4), (3, 5), (4, 6), (5, 2), (6, 3)]
[(0, 7), (1, 9), (2, 19), (3, 19), (4, 21), (4, 22), (4, 33), (5, 23), (5, 24), (5, 25), (6, 26), (7, 10), (9, 11), (10, 11), (12, 12), (13, 14), (14, 15), (15, 0), (16, 1), (17, 3), (17, 31), (18, 45), (19, 58), (20, 32), (21, 5), (22, 5), (23, 6), (24, 27), (25, 28), (27, 33), (28, 34), (30, 29), (30, 37), (31, 3), (31, 31), (31, 39), (32, 41), (33, 42), (34, 43), (35, 62), (36, 62), (37, 55), (38, 44), (39, 46), (40, 47), (41, 48), (42, 50), (43, 50), (44, 51), (44, 64), (45, 52), (45, 65), (46, 53), (46, 66), (47, 54), (47, 67), (48, 68), (49, 69), (50, 70), (51, 71), (52, 73), (53, 74), (54, 74), (55, 56), (56, 72), (57, 75)]
[(0, 1), (1, 0), (2, 1), (3, 2), (4, 3), (7, 22), (9, 32), (10, 33), (12, 24), (13, 25), (14, 26), (15, 27), (16, 28), (17, 29), (18, 30), (21, 17), (24, 18), (25, 19), (26, 20), (26, 21), (27, 14), (28, 15), (29, 10), (30, 11), (31, 12), (32, 12), (33, 13), (34, 6), (35, 6), (37, 6), (38, 7), (39, 8), (40, 8), (41, 8), (42, 34)]
[(0, 0), (1, 1), (2, 2), (3, 6), (4, 6), (5, 3), (7, 4), (8, 7), (9, 8), (10, 10), (11, 12), (12, 12), (13, 11), (14, 13), (15, 18), (16, 19), (17, 19), (19, 20), (20, 14), (21, 16), (22, 15), (23, 17), (24, 21)]
[(0, 0), (1, 0), (2, 1), (3, 1), (4, 2), (5, 3), (6, 3), (8, 4), (9, 6), (10, 7), (11, 12), (12, 13), (13, 14), (17, 8), (19, 9), (20, 15)]
[(0, 0), (1, 1), (1, 4), (2, 6), (3, 7), (4, 8), (5, 9), (6, 10), (7, 10), (9, 11), (10, 12), (11, 13), (12, 14), (15, 14), (16, 15), (17, 16), (18, 16), (18, 17), (19, 17), (20, 21), (21, 22), (22, 23), (24, 19), (25, 20), (26, 24)]
[(0, 5), (1, 6), (2, 7), (3, 8), (4, 13), (5, 13), (6, 14), (9, 9), (9, 10), (9, 11), (12, 2), (14, 1), (15, 1), (16, 15)]
[(0, 0), (1, 0), (2, 0), (3, 1), (4, 0), (6, 3), (7, 2), (8, 4), (9, 5), (10, 6), (11, 6), (11, 7), (12, 8), (13, 9), (14, 10), (15, 12), (16, 13), (17, 14), (19, 11), (20, 15), (21, 22), (22, 22), (24, 19), (24, 27), (25, 23), (27, 29), (28, 32), (30, 33), (31, 34), (32, 35), (32, 37), (35, 30), (36, 30), (37, 38), (38, 39), (39, 40), (40, 41), (41, 43), (42, 43), (43, 45), (44, 46), (45, 47), (46, 48), (46, 49), (46, 50), (47, 51), (48, 52)]
[(0, 0), (1, 1), (2, 1), (3, 2), (5, 2), (6, 10), (9, 27), (10, 5), (11, 6), (12, 8), (13, 3), (14, 4), (15, 5), (16, 11), (17, 12), (18, 12), (19, 13), (20, 14), (21, 15), (21, 19), (22, 17), (25, 18), (26, 20), (27, 21), (28, 22), (29, 23), (30, 24), (31, 25), (34, 25), (35, 28), (36, 27), (37, 29), (39, 26), (40, 26), (41, 30)]
[(0, 0), (1, 3), (2, 3), (3, 1), (4, 2), (5, 6), (6, 4), (7, 4), (8, 5), (9, 7), (11, 25), (12, 26), (13, 27), (15, 9), (15, 12), (16, 14), (17, 14), (18, 15), (20, 19), (21, 21), (22, 30), (23, 30), (24, 32), (25, 35), (26, 33), (28, 34), (29, 36), (30, 28), (32, 43), (33, 44), (34, 45), (36, 41), (37, 42), (38, 47), (39, 48), (40, 49), (41, 49), (42, 50), (43, 51), (45, 52), (46, 35), (47, 53), (48, 53), (49, 55), (50, 55), (51, 56)]
[(0, 0), (0, 1), (0, 3), (1, 5), (2, 6), (2, 8), (3, 22), (4, 23), (5, 24), (6, 25), (7, 10), (9, 11), (9, 12), (10, 13), (12, 15), (12, 18), (13, 19), (14, 19), (15, 20), (16, 20), (17, 26)]
[(0, 0), (1, 1), (1, 2)]
[(0, 0), (1, 3), (2, 5), (3, 7), (4, 9), (5, 11), (6, 13), (7, 15), (8, 17), (9, 19), (10, 21), (11, 23), (12, 25), (13, 27), (14, 29), (15, 31), (16, 33), (17, 35), (18, 37), (19, 39), (20, 41), (21, 43), (22, 45), (23, 47), (24, 49), (25, 52), (26, 54), (27, 56), (28, 58), (29, 60), (30, 62), (31, 64), (32, 66), (33, 68), (34, 70), (35, 72), (36, 74), (37, 76), (38, 78), (38, 79), (38, 80), (39, 82), (40, 84), (41, 86), (42, 88), (43, 90), (44, 92), (45, 94), (46, 96), (47, 98), (48, 100), (49, 102), (50, 104), (51, 106), (52, 108), (53, 110), (54, 112), (55, 114), (56, 116), (57, 118), (57, 119), (57, 120), (58, 122), (59, 124), (60, 126), (61, 128), (62, 130), (63, 132), (64, 134), (65, 136), (66, 138), (67, 140), (68, 142), (69, 144), (70, 146), (71, 148), (72, 150), (73, 152), (74, 154), (75, 156), (76, 158), (76, 159), (76, 160), (77, 162), (78, 164)]
[(1, 0), (2, 9), (5, 6), (6, 6), (7, 1), (8, 3), (9, 2), (10, 4), (11, 10), (12, 11), (13, 12), (14, 13), (15, 14), (16, 16), (17, 17), (18, 18), (18, 19), (18, 20), (19, 21), (20, 22), (21, 22), (22, 24), (24, 24), (25, 25), (26, 26), (28, 27), (29, 27), (31, 28), (32, 29), (33, 34), (34, 34), (35, 39), (36, 35), (37, 36), (38, 37), (39, 30), (40, 32), (41, 31), (42, 32), (43, 32), (44, 40)]
[(0, 0), (1, 1), (2, 7), (3, 8), (4, 9), (6, 5), (7, 5), (9, 17), (10, 3), (11, 13), (12, 10), (13, 11), (14, 12), (15, 12), (16, 14), (17, 15), (18, 15), (19, 16), (20, 17), (21, 19), (22, 28), (23, 20), (25, 21), (26, 22), (27, 23), (28, 24), (28, 25), (28, 26), (29, 27), (30, 30)]
[(0, 0), (1, 0), (2, 0), (3, 0), (4, 1), (6, 2), (7, 3), (8, 5), (10, 6), (11, 7), (12, 8), (13, 9), (14, 10), (15, 11), (16, 12), (17, 13), (18, 15), (19, 16), (20, 25), (23, 18), (24, 18), (25, 19), (26, 19), (26, 20), (27, 24), (28, 24), (29, 21), (30, 22), (31, 22), (31, 23), (32, 31), (33, 27), (34, 27), (35, 28), (36, 28), (37, 29), (39, 32), (40, 36), (40, 37), (41, 38), (42, 38), (44, 35), (45, 35), (46, 35), (48, 34), (49, 34), (50, 39)]
[(0, 0), (1, 1), (1, 3), (3, 2), (4, 4), (5, 5), (8, 5), (8, 6), (9, 7)]
[(0, 19), (1, 0), (1, 20), (2, 23), (3, 2), (4, 2), (5, 3), (6, 5), (8, 1), (9, 6), (12, 17), (17, 9), (18, 11), (21, 8), (22, 12), (24, 13), (25, 14), (26, 24), (27, 25), (28, 25), (28, 26), (29, 27), (30, 28), (31, 29), (32, 30), (32, 31), (34, 32), (35, 34), (35, 35), (36, 36), (37, 37), (38, 38)]
[(0, 0), (1, 0), (2, 1), (3, 2), (4, 3), (5, 4), (6, 7), (7, 5), (8, 5), (9, 6), (10, 6), (10, 8), (12, 9), (13, 10), (14, 11), (14, 12), (14, 15), (15, 16), (16, 17), (16, 18), (17, 19), (18, 21), (19, 22), (20, 23), (21, 24), (22, 25), (23, 25), (25, 27), (27, 28), (28, 29), (29, 26), (30, 30), (31, 31), (32, 32), (33, 33), (34, 35), (35, 36), (36, 38), (37, 39), (38, 40)]
[(0, 0), (1, 1), (2, 3), (3, 4), (3, 5), (3, 6), (4, 7), (5, 8), (6, 9), (7, 10), (8, 11), (9, 12), (10, 12), (10, 13), (11, 14), (12, 15), (13, 16), (14, 17), (15, 18), (16, 19), (16, 20), (17, 21), (18, 22), (19, 24), (20, 25), (21, 26)]
[(0, 0), (1, 2), (2, 3), (3, 3), (4, 4), (5, 4), (6, 5), (7, 6), (8, 7), (8, 8), (9, 15), (10, 17), (11, 14), (12, 9), (13, 11), (14, 13), (15, 18)]
[(0, 0), (1, 1), (2, 2), (3, 4), (4, 3), (4, 5), (5, 6), (6, 7), (7, 7), (8, 8), (9, 8), (10, 9), (11, 10), (12, 11), (13, 11), (14, 12), (15, 13), (16, 13), (17, 18), (18, 16), (19, 17), (20, 17), (22, 14), (23, 14), (24, 15), (27, 15), (28, 19)]
[(0, 13), (1, 14), (2, 15), (3, 25), (4, 16), (5, 12), (6, 23), (8, 21), (10, 18), (11, 20), (12, 20), (13, 27), (15, 28), (15, 29), (15, 33), (17, 40), (18, 41), (19, 40), (20, 42), (21, 42), (25, 37), (26, 38), (27, 19), (29, 35), (30, 36), (31, 44), (32, 47), (33, 56), (33, 57), (34, 4), (34, 52), (35, 6), (35, 54), (36, 8), (37, 9), (38, 58)]
[(0, 0), (1, 1), (2, 1), (3, 2), (4, 3), (5, 3), (7, 11), (8, 12), (9, 13), (10, 14), (11, 4), (12, 5), (12, 6), (13, 7), (15, 9), (16, 9), (17, 10), (20, 8), (21, 15), (22, 15), (23, 16), (24, 17), (25, 17), (26, 18), (27, 19)]
[(0, 0), (1, 1), (2, 12), (3, 13), (4, 11), (5, 10), (6, 11), (7, 14), (8, 14), (9, 18), (11, 15), (12, 16), (12, 17), (14, 19), (15, 20), (16, 22), (17, 27), (19, 23), (20, 23), (21, 21), (22, 2), (23, 2), (24, 7), (25, 8), (26, 6), (27, 3), (28, 4), (30, 5), (31, 28)]
[(0, 2), (1, 3), (4, 0), (5, 1), (7, 10), (8, 4), (9, 6), (10, 7), (11, 8), (13, 5), (14, 5), (15, 16), (17, 13), (18, 22), (19, 15), (20, 14), (21, 18), (23, 19), (24, 25), (26, 26), (26, 27), (27, 34), (28, 37), (29, 37), (30, 28), (31, 32), (32, 33), (35, 31), (37, 29), (38, 29), (39, 30), (40, 38), (40, 39), (48, 40)]
[(0, 0), (1, 1), (2, 2), (3, 2), (4, 3), (5, 5), (5, 6), (6, 7), (7, 8)]
[(0, 0), (1, 1), (1, 2), (2, 3), (3, 4), (4, 5), (5, 6), (6, 7), (7, 8), (8, 9), (9, 11), (10, 14), (11, 15), (13, 12), (14, 12), (14, 13), (15, 24), (16, 16), (17, 17), (17, 18), (18, 19), (19, 20), (19, 30), (20, 31), (21, 21), (22, 22), (23, 23), (24, 25), (25, 32), (26, 33), (27, 28), (28, 26), (29, 26), (29, 27), (30, 34)]
[(0, 0), (1, 1), (2, 1), (3, 8), (4, 8), (5, 2), (6, 3), (7, 5), (8, 6), (8, 7)]
[(0, 0), (1, 1), (2, 1), (3, 2), (4, 3), (5, 4), (6, 4), (6, 5), (7, 6), (8, 7), (9, 7), (10, 7), (12, 16), (13, 17), (14, 19), (15, 21), (15, 22), (17, 23), (18, 24), (19, 25), (19, 27), (20, 27), (21, 8), (22, 12), (23, 13), (23, 14), (25, 10), (26, 9), (27, 28)]
[(0, 7), (1, 8), (2, 10), (4, 0), (5, 1), (6, 1), (7, 6), (8, 2), (9, 3), (10, 4), (10, 5), (11, 11), (12, 12), (13, 13), (14, 14), (15, 15), (16, 16), (17, 17), (18, 18), (19, 19), (20, 20), (23, 27), (24, 28), (25, 28), (26, 29), (27, 21), (28, 22), (28, 23), (29, 24), (30, 24), (31, 25), (32, 30), (33, 39), (34, 32), (35, 33), (36, 34), (37, 35), (38, 36), (39, 37), (40, 40)]
[(0, 0), (1, 0), (2, 12), (5, 14), (6, 2), (7, 1), (8, 10), (9, 4), (11, 3), (12, 5), (14, 15)]
[(0, 0), (1, 1), (2, 1), (3, 2), (4, 3), (5, 3), (6, 4), (7, 4), (8, 9), (9, 9), (10, 10), (13, 7), (14, 6), (15, 11)]
[(0, 0), (1, 0), (2, 5), (3, 1), (4, 1), (5, 2), (6, 2), (7, 3), (8, 6)]
[(0, 0), (1, 1), (2, 1), (3, 8), (4, 10), (5, 6), (6, 7), (7, 5), (8, 2), (9, 3), (9, 4), (10, 11)]
[(0, 9), (1, 10), (2, 11), (3, 0), (4, 0), (5, 1), (6, 2), (7, 3), (8, 4), (10, 5), (11, 6), (11, 7), (12, 12), (12, 15), (13, 13), (14, 16)]
[(0, 12), (1, 13), (2, 19), (4, 19), (5, 14), (6, 15), (7, 15), (8, 16), (9, 17), (10, 20), (13, 22), (14, 23), (14, 27), (15, 23), (16, 24), (19, 27), (19, 28), (20, 29), (21, 30), (22, 31), (24, 31), (26, 10), (27, 7), (28, 9), (29, 5), (30, 6), (31, 6), (32, 1), (33, 2), (34, 3), (38, 0), (39, 1), (40, 4), (41, 32)]
[(0, 0), (2, 7), (3, 8), (4, 9), (6, 4), (7, 4), (8, 7), (9, 3), (11, 3), (12, 1), (13, 2), (14, 10)]
[(2, 11), (3, 14), (4, 8), (5, 15), (6, 4), (7, 4), (7, 5), (8, 6), (8, 7), (9, 3), (12, 20), (13, 13), (13, 21), (15, 25), (16, 16), (17, 17), (18, 18), (19, 22), (20, 23), (21, 24), (22, 25), (23, 26), (23, 27), (24, 28), (25, 34), (26, 31), (27, 32), (27, 33), (28, 29), (29, 30), (30, 35), (31, 36), (32, 37), (33, 38), (34, 38), (36, 39), (36, 40), (37, 44), (38, 43), (39, 44), (41, 0), (42, 1), (43, 45)]
[(0, 5), (1, 5), (2, 4), (3, 0), (4, 1), (5, 2), (5, 3), (6, 6), (7, 6), (8, 7), (8, 8), (9, 10), (10, 11), (11, 12), (12, 13), (13, 14), (14, 15), (15, 16), (16, 17), (17, 18), (18, 19), (19, 21), (20, 22), (21, 23), (23, 24), (23, 25), (24, 26), (25, 28), (26, 29), (27, 30), (28, 31), (29, 32), (30, 33), (31, 33), (32, 34), (33, 34), (34, 36), (35, 37), (37, 40), (38, 41), (39, 38), (40, 39), (41, 42)]
[(0, 0), (0, 3), (0, 4), (0, 5), (1, 7), (2, 9), (3, 9), (4, 10), (5, 11), (6, 12), (7, 12), (8, 17), (9, 17), (11, 15), (12, 15), (13, 13), (14, 14), (15, 14), (16, 18)]
[(0, 13), (1, 12), (2, 14), (5, 0), (5, 2), (6, 4), (7, 9), (8, 23), (11, 18), (12, 20), (13, 22), (14, 15), (15, 16), (16, 16), (17, 17), (18, 17), (19, 24), (20, 28), (21, 27), (22, 29), (23, 30), (24, 25), (25, 26), (26, 26), (28, 19), (31, 31)]
[(0, 0), (1, 1), (2, 2), (3, 3), (4, 4), (4, 7), (5, 8), (6, 16), (7, 17), (8, 18), (8, 19), (10, 13), (12, 13), (13, 14), (14, 11), (15, 9), (16, 10), (17, 20)]
[(0, 0), (1, 1), (2, 2), (3, 3), (4, 4), (5, 5), (6, 5), (7, 12), (8, 14), (9, 6), (10, 7), (11, 8), (12, 9), (13, 15), (13, 16), (14, 24), (14, 25), (16, 24), (17, 26), (18, 27), (19, 26), (20, 22), (21, 17), (22, 18), (23, 19), (24, 20), (25, 28)]
[(0, 13), (1, 14), (2, 15), (3, 15), (4, 16), (5, 17), (8, 18), (9, 19), (10, 19), (11, 20), (12, 22), (16, 24), (17, 25), (18, 12), (19, 0), (20, 0), (21, 1), (22, 2), (22, 7), (23, 5), (23, 9), (24, 11), (25, 26)]
[(0, 0), (1, 1), (2, 2), (3, 2), (4, 3), (5, 3), (6, 4), (7, 5), (8, 8), (10, 8), (11, 6), (12, 7), (13, 7), (14, 10), (15, 11), (16, 12), (18, 15), (19, 16), (20, 13), (21, 14), (22, 17)]
[(0, 3), (1, 0), (3, 4), (4, 5), (5, 4), (6, 8), (9, 10), (10, 30), (11, 19), (13, 26), (14, 26), (16, 14), (17, 14), (18, 9), (19, 15), (20, 15), (21, 24), (23, 17), (24, 18), (25, 19), (26, 20), (27, 21), (29, 20), (30, 21), (31, 31)]
[(0, 0), (1, 0), (2, 1), (3, 2), (4, 3)]
[(0, 2), (1, 0), (1, 1), (2, 3), (3, 4), (4, 5), (5, 6), (6, 7), (8, 7), (9, 9), (10, 8), (11, 10), (12, 11)]
[(0, 1), (1, 1), (2, 0), (3, 0), (4, 0), (5, 2), (6, 3), (7, 9), (8, 9), (10, 4), (11, 5), (12, 6), (13, 7), (14, 10), (17, 14), (18, 13), (19, 14), (20, 15), (21, 16), (22, 19), (23, 17), (24, 18), (25, 20), (27, 11), (28, 11), (29, 21)]
[(0, 0), (1, 1), (2, 2), (3, 2), (4, 6), (5, 6), (6, 3), (7, 3), (8, 4), (9, 7), (10, 8), (12, 9), (13, 10), (14, 10), (15, 11), (16, 13), (17, 12), (18, 14), (19, 15)]
[(0, 2), (1, 3), (2, 1), (3, 4), (5, 5), (8, 5), (9, 9), (10, 11), (13, 6), (14, 10), (15, 7), (17, 8), (18, 8), (19, 12), (20, 13), (21, 13), (22, 16), (23, 21), (24, 17), (25, 14), (26, 15), (27, 18), (28, 20), (31, 19), (32, 19), (33, 22)]
[(0, 0), (1, 0), (2, 0), (4, 8), (5, 9), (6, 11), (7, 10), (8, 11), (9, 5), (10, 6), (11, 1), (12, 3), (13, 4), (14, 12)]
[(0, 0), (1, 0), (3, 1), (4, 2), (6, 3), (7, 3), (8, 4), (9, 5), (9, 6), (10, 7), (11, 8), (12, 9), (13, 10), (14, 13), (15, 14), (16, 10), (17, 11), (18, 11), (19, 12), (20, 12), (21, 12), (22, 16)]
[(0, 0), (1, 1), (2, 6), (3, 8), (4, 16), (6, 16), (7, 16), (8, 13), (9, 14), (10, 14), (11, 15), (12, 10), (13, 11), (14, 12), (15, 17), (16, 18), (17, 18), (18, 19), (19, 26), (21, 21), (22, 21), (23, 22), (24, 24), (25, 27)]
[(0, 0), (1, 1), (2, 17), (3, 12), (4, 15), (5, 15), (6, 14), (7, 13), (8, 13), (9, 13), (10, 2), (11, 3), (12, 3), (13, 4), (14, 4), (15, 4), (16, 8), (17, 10), (18, 18)]
[(0, 0), (1, 1), (2, 2), (3, 2), (4, 7), (5, 8), (7, 4), (8, 4), (9, 5), (10, 10), (11, 11), (12, 12), (14, 12), (15, 16), (16, 13), (17, 14), (18, 14), (19, 17)]
[(1, 6), (2, 7), (3, 3), (4, 4), (5, 4), (6, 4), (7, 5), (9, 5), (10, 8), (11, 12), (12, 13), (13, 14), (14, 9), (15, 16), (16, 18), (17, 10), (17, 17), (18, 11), (18, 18), (20, 2), (21, 0), (22, 1), (26, 19)]
[(1, 0), (2, 1), (3, 2), (4, 2), (5, 3), (6, 4)]
[(0, 0), (1, 0), (2, 1), (3, 2), (4, 4), (5, 6), (6, 7), (7, 8), (8, 10), (9, 14), (10, 14), (11, 15), (12, 17), (13, 19), (14, 11), (15, 12), (15, 13), (16, 20)]
[(0, 0), (1, 0), (2, 2), (3, 3), (4, 3), (5, 4)]
[(0, 0), (1, 1), (2, 2), (3, 0), (4, 2), (5, 6), (6, 6), (7, 3), (9, 4), (10, 5), (11, 7)]
[(0, 0), (1, 1), (2, 1), (3, 2), (4, 3), (5, 6), (6, 6), (6, 7), (7, 12), (8, 8), (9, 8), (9, 9), (10, 10), (10, 12), (11, 4), (12, 5), (13, 13)]
[(1, 3), (2, 3), (3, 4), (4, 0), (5, 0), (6, 1), (7, 2), (8, 16), (9, 9), (10, 10), (11, 10), (12, 11), (12, 12), (13, 13), (14, 14), (15, 15), (16, 6), (17, 6), (19, 18), (20, 18), (21, 19), (22, 20), (23, 21), (24, 31), (25, 32), (26, 22), (27, 29), (27, 33), (28, 25), (29, 26), (30, 29), (34, 27), (35, 34)]
[(0, 0), (1, 0), (2, 1), (3, 15), (4, 18), (6, 16), (8, 8), (9, 4), (9, 5), (9, 10), (9, 11), (10, 6), (10, 13), (11, 14), (12, 21), (13, 30), (14, 31), (15, 22), (16, 23), (17, 27), (18, 28), (19, 26), (21, 25), (22, 24), (23, 24), (26, 29), (27, 17), (29, 34), (30, 35), (33, 35), (34, 36), (35, 37), (36, 38), (37, 38), (38, 39), (39, 42), (40, 32), (41, 43), (42, 44), (43, 44), (44, 41), (45, 42), (46, 41), (47, 40), (48, 40), (49, 46)]
[(0, 0), (1, 5), (2, 4), (3, 3), (4, 2), (5, 6), (6, 6), (7, 7), (8, 8), (9, 9), (10, 10), (11, 7), (12, 13), (13, 19), (14, 20), (15, 18), (17, 14), (18, 14), (19, 15), (20, 16), (21, 16), (22, 17), (23, 17), (24, 21)]
[(0, 0), (1, 3), (3, 0), (4, 1), (5, 4), (6, 5), (7, 8), (8, 9), (9, 10), (11, 6), (12, 7), (13, 11), (14, 12), (15, 13), (16, 14), (17, 15), (18, 15), (19, 16), (20, 16), (21, 17), (22, 18), (23, 19), (24, 20), (25, 21), (25, 22), (26, 23), (27, 24), (28, 25), (28, 26), (29, 27), (30, 29), (31, 30), (32, 32), (33, 34), (34, 35), (35, 37), (36, 38), (36, 39), (37, 39), (38, 40), (39, 41), (40, 41), (41, 43), (42, 42), (44, 43), (45, 44), (46, 46), (46, 47), (47, 48)]
[(0, 0), (1, 1), (2, 2), (2, 3), (3, 4), (4, 5), (5, 5), (6, 6), (9, 7), (10, 16), (11, 7), (12, 10), (13, 8), (14, 9), (15, 11), (16, 12), (17, 13), (18, 14), (19, 17)]
[(0, 16), (0, 17), (1, 18), (2, 19), (3, 24), (4, 24), (5, 21), (6, 21), (7, 22), (8, 27), (9, 28), (10, 29), (12, 43), (13, 44), (13, 46), (14, 45), (15, 47), (16, 29), (17, 30), (18, 33), (19, 33), (20, 34), (21, 35), (24, 31), (25, 36), (26, 37), (27, 38), (28, 38), (29, 39), (30, 40), (30, 41), (31, 42), (32, 15), (33, 49), (34, 14), (35, 0), (35, 7), (36, 2), (36, 9), (36, 10), (37, 4), (37, 5), (37, 12), (38, 6), (39, 3), (43, 41), (44, 48)]
[(1, 0), (1, 1), (2, 4), (3, 9), (4, 11), (4, 12), (5, 7), (5, 14), (6, 8), (7, 2), (8, 3), (9, 15), (10, 20), (11, 21), (12, 23), (13, 24), (14, 17), (15, 18), (16, 19), (17, 16), (18, 16), (19, 25), (20, 26), (21, 26), (22, 27), (23, 27), (24, 28), (25, 29), (25, 30), (26, 31), (27, 32), (28, 33), (28, 34), (29, 36), (30, 39), (32, 37), (33, 37), (34, 39), (35, 40), (36, 40), (37, 41), (38, 44), (39, 42), (40, 43), (41, 46)]
[(0, 0), (1, 1), (2, 2), (3, 2), (4, 2), (5, 2), (6, 3), (7, 6), (8, 7), (8, 8), (8, 9), (10, 4), (11, 4), (12, 10)]
[(0, 0), (1, 0), (2, 2), (3, 3), (3, 4), (4, 1), (5, 5), (6, 7), (7, 12), (9, 10), (10, 10), (11, 13), (11, 14), (12, 15), (13, 20), (14, 16), (16, 17), (17, 19), (18, 18), (19, 21)]
[(0, 0), (1, 2), (3, 1), (3, 7), (4, 9), (5, 11), (7, 12), (8, 13), (8, 14), (9, 19), (10, 20), (12, 15), (13, 15), (14, 16), (14, 18), (15, 21), (16, 23), (16, 30), (17, 26), (18, 28), (19, 29), (21, 31), (22, 31), (23, 32), (24, 33), (25, 33), (26, 34), (27, 39), (28, 36), (29, 37), (30, 38), (34, 24), (36, 40), (37, 45), (39, 45), (40, 46), (40, 49), (41, 47), (41, 48), (42, 48), (44, 44), (46, 41), (47, 41), (48, 42), (49, 42), (50, 50)]
[(0, 3), (1, 4), (3, 2), (4, 0), (5, 0), (8, 5), (9, 14), (10, 16), (12, 6), (13, 6), (14, 7), (15, 8), (16, 8), (17, 9), (17, 10), (19, 11), (20, 17), (21, 19), (21, 20)]
[(0, 0), (1, 1), (2, 2), (3, 4), (3, 5), (4, 6), (4, 9), (5, 11), (5, 12), (6, 11), (7, 13), (8, 14), (9, 7), (10, 7), (11, 7), (12, 8), (13, 17), (14, 17), (15, 18), (17, 20), (18, 22), (19, 3), (22, 37), (23, 38), (24, 39), (26, 29), (27, 35), (28, 35), (29, 36), (30, 31), (31, 34), (32, 31), (32, 32), (32, 33), (35, 28), (36, 25), (37, 26), (39, 27), (40, 28), (41, 41)]
[(0, 22), (0, 23), (4, 32), (5, 33), (7, 30), (8, 24), (9, 27), (10, 28), (12, 26), (13, 25), (14, 26), (21, 3), (21, 11), (22, 5), (22, 6), (22, 13), (22, 14), (23, 7), (23, 8), (23, 16), (24, 9), (24, 18), (25, 19), (26, 2), (27, 0), (28, 1), (29, 0), (30, 2), (35, 28), (41, 20), (44, 32), (46, 34)]
[(0, 1), (1, 0), (2, 2), (3, 4), (4, 5), (5, 6), (6, 7), (7, 7), (8, 23), (8, 25), (8, 27), (10, 4), (11, 22), (12, 3), (13, 9), (14, 13), (15, 14), (17, 10), (18, 15), (18, 16), (19, 17), (20, 18), (21, 19), (21, 20), (22, 28)]
[(0, 1), (1, 0), (2, 1), (3, 2), (4, 2), (5, 11), (6, 11), (7, 9), (8, 7), (10, 3), (10, 4), (11, 3), (12, 5), (13, 6), (13, 14), (14, 13), (15, 13), (16, 15), (17, 16), (18, 17), (19, 18), (20, 19), (21, 19), (22, 20), (23, 21), (23, 22), (24, 23), (25, 23), (26, 24)]
[(0, 2), (1, 2), (2, 3), (3, 4), (4, 23), (5, 0), (6, 0), (7, 1), (8, 4), (8, 5), (9, 8), (10, 25), (11, 27), (12, 27), (13, 29), (14, 30), (15, 6), (16, 8), (17, 7), (18, 9), (19, 9), (20, 10), (21, 11), (23, 18), (25, 13), (29, 18), (30, 17), (31, 19), (31, 20), (32, 21), (33, 22), (34, 12), (35, 13), (36, 14), (37, 31)]
[(0, 0), (2, 0), (3, 1), (5, 2), (6, 4), (7, 4), (8, 45), (9, 5), (10, 42), (11, 43), (12, 23), (16, 15), (17, 11), (17, 13), (17, 17), (17, 18), (17, 19), (18, 20), (19, 6), (21, 21), (22, 22), (23, 24), (24, 25), (25, 29), (25, 31), (26, 30), (27, 26), (28, 32), (29, 33), (30, 40), (31, 41), (32, 34), (33, 46)]
[(0, 0), (1, 0), (2, 1), (3, 3), (4, 5), (5, 4), (6, 6), (7, 8), (8, 9), (10, 9), (11, 7), (12, 11), (13, 12), (14, 12), (15, 13), (16, 13), (17, 14), (17, 15), (18, 16), (19, 20), (20, 21), (24, 18), (25, 18), (26, 19), (27, 22), (27, 23), (28, 2), (29, 24), (30, 14), (30, 26), (30, 28), (31, 41), (32, 45), (35, 40), (37, 24), (39, 29), (41, 30), (42, 31), (43, 31), (44, 32), (45, 34), (45, 35), (47, 33), (48, 33), (49, 46)]
[(0, 0), (1, 0), (2, 2), (3, 1), (4, 3), (5, 4)]
[(0, 0), (1, 2), (2, 11), (3, 3), (5, 9), (6, 5), (7, 6), (8, 6), (9, 7), (11, 4), (12, 4), (13, 12), (13, 13), (14, 14), (15, 14), (16, 15), (17, 17), (18, 18)]
[(0, 0), (1, 10), (2, 1), (3, 7), (4, 8), (5, 2), (6, 5), (7, 6), (8, 4), (9, 3), (10, 3), (11, 11), (12, 12), (13, 12), (14, 13), (15, 16), (16, 17), (17, 17), (18, 15), (19, 19), (20, 30), (21, 29), (22, 20), (23, 26), (24, 27), (25, 27), (27, 21), (28, 21), (29, 23), (30, 24), (31, 25), (32, 25), (33, 32)]
[(0, 0), (1, 1), (2, 1), (2, 2), (3, 3), (4, 3), (5, 4), (5, 5), (6, 6), (7, 7), (8, 12), (10, 11), (10, 12), (12, 9), (13, 9), (14, 13)]
[(0, 3), (0, 4), (1, 7), (2, 12), (3, 13), (4, 11), (5, 5), (6, 5), (6, 8), (8, 8), (9, 9), (10, 10), (13, 0), (15, 32), (17, 0), (18, 1), (19, 2), (20, 3), (20, 4), (21, 14), (22, 15), (23, 28), (25, 26), (26, 21), (27, 23), (28, 18), (28, 20), (29, 22), (30, 28), (31, 23), (31, 25), (32, 30), (33, 33)]
[(0, 0), (1, 5), (2, 1), (3, 4), (4, 2), (5, 3), (6, 6), (7, 8), (8, 10)]
[(0, 2), (1, 3), (2, 0), (3, 0), (4, 1), (5, 4), (7, 19), (8, 5), (9, 6), (10, 6), (11, 6), (12, 12), (13, 13), (14, 7), (15, 8), (16, 8), (17, 9), (18, 9), (19, 15), (20, 16), (21, 17), (22, 19), (23, 21), (24, 22), (25, 23), (26, 26), (27, 24), (28, 25), (29, 28), (30, 32), (31, 28), (32, 29), (33, 30), (34, 33)]
[(0, 0), (1, 1), (2, 2), (3, 3), (4, 5), (4, 6), (5, 8), (6, 7), (7, 9), (8, 10), (9, 11), (10, 4), (11, 14), (12, 15), (13, 16), (14, 17), (15, 18), (16, 20), (17, 18), (18, 19), (19, 19), (20, 21)]
[(0, 0), (0, 1), (2, 2), (3, 3), (4, 4), (5, 5), (6, 6), (7, 7), (8, 8)]
[(0, 0), (1, 1), (2, 3), (3, 4), (3, 5), (4, 6), (5, 7), (6, 7), (7, 9), (8, 9), (9, 12), (10, 10), (11, 13), (12, 19), (13, 22), (15, 23), (16, 13), (16, 24), (17, 15), (18, 15), (19, 17), (20, 16), (21, 18), (22, 25), (22, 26), (23, 27), (25, 28), (26, 29), (27, 30), (28, 31), (29, 31), (30, 33), (31, 32), (32, 33), (33, 34), (34, 35), (35, 37), (36, 38)]
[(0, 3), (0, 4), (1, 5), (2, 6), (4, 8), (5, 0), (6, 1), (7, 2), (8, 3), (8, 4), (9, 9), (10, 13), (11, 14), (12, 15), (13, 16), (15, 12), (16, 11), (17, 12), (18, 17), (19, 19), (19, 20)]
[(0, 0), (1, 1), (2, 2), (3, 3)]
[(0, 0), (4, 6), (5, 9), (6, 11), (7, 14), (8, 5), (9, 1), (10, 3), (11, 18), (12, 21), (13, 23), (14, 24), (16, 28), (17, 24), (18, 25), (20, 25), (21, 27), (22, 26), (23, 29)]
[(0, 0), (1, 38), (2, 36), (5, 34), (6, 35), (7, 8), (8, 22), (9, 11), (10, 24), (11, 25), (12, 27), (13, 28), (14, 29), (15, 31), (16, 32), (18, 18), (19, 19), (20, 19), (23, 3), (23, 4), (25, 2), (26, 5), (27, 16), (29, 6), (30, 7), (31, 7), (32, 41), (33, 42), (34, 50), (35, 51), (36, 50), (38, 37), (40, 44), (41, 47), (42, 45), (43, 46), (45, 54), (46, 55), (47, 56), (48, 58), (48, 59), (49, 60), (50, 62), (52, 68), (53, 69), (54, 63), (55, 63), (56, 66), (57, 64), (58, 65), (59, 70)]
[(1, 0), (3, 0), (4, 1), (6, 5), (7, 5), (8, 4), (10, 3), (11, 3), (12, 2), (13, 2), (14, 6), (16, 7), (17, 9), (18, 10), (19, 10), (20, 11), (20, 13), (21, 14), (22, 15), (23, 16), (24, 17), (25, 19), (26, 20), (26, 21), (27, 22), (28, 24), (29, 24), (30, 25), (31, 25), (32, 29), (33, 31), (34, 31), (35, 32), (36, 32), (37, 26), (38, 28), (39, 16), (40, 27), (41, 33)]
[(0, 0), (1, 0), (2, 1), (3, 2), (4, 2), (5, 3), (6, 4), (7, 5), (8, 6), (9, 6), (10, 10), (11, 10), (12, 7), (13, 8), (14, 11), (15, 13), (16, 14), (17, 16), (18, 27), (19, 12), (20, 28), (20, 29), (21, 30), (22, 17), (23, 18), (24, 18), (25, 18), (26, 20), (27, 19), (28, 21), (29, 22), (29, 24), (30, 25), (31, 31), (32, 32), (33, 33), (35, 33), (37, 38), (38, 38), (41, 39), (42, 34), (43, 35), (44, 37), (45, 40)]
[(0, 0), (1, 1), (2, 4), (3, 4), (5, 3), (8, 2), (10, 5), (10, 22), (12, 7), (13, 8), (14, 13), (15, 14), (17, 11), (18, 11), (20, 12), (21, 12), (22, 15), (23, 16), (24, 17), (25, 18), (26, 20), (27, 21), (28, 25), (29, 24), (30, 26), (31, 27)]
[(0, 4), (1, 5), (4, 6), (5, 6), (6, 0), (7, 1), (8, 2), (10, 1), (11, 8), (12, 7), (13, 7), (14, 8), (15, 9), (16, 10), (17, 11), (18, 12), (19, 12), (20, 15), (21, 13), (23, 14), (24, 14), (25, 14), (26, 16)]
[(0, 0), (1, 1), (2, 2), (3, 3), (4, 5), (5, 6), (6, 8), (7, 9), (12, 10), (13, 11), (14, 11), (14, 12), (15, 4), (15, 16), (16, 17), (17, 23), (18, 22), (19, 19), (20, 20), (20, 25), (21, 21), (21, 26), (22, 27)]
[(0, 7), (2, 4), (3, 5), (4, 3), (5, 2), (6, 0), (7, 0), (8, 1), (9, 8), (11, 9), (12, 9), (13, 30), (17, 28), (18, 28), (20, 13), (21, 13), (22, 10), (23, 10), (24, 11), (25, 12), (26, 14), (28, 15), (29, 16), (30, 17), (31, 19), (32, 20), (33, 21), (34, 22), (35, 23), (36, 75), (38, 34), (39, 34), (40, 39), (40, 40), (41, 56), (42, 35), (43, 36), (44, 37), (44, 38), (45, 39), (46, 41), (47, 42), (49, 44), (50, 52), (51, 50), (52, 47), (53, 43), (54, 49), (55, 45), (56, 46), (56, 48), (57, 65), (58, 54), (59, 69), (61, 57), (62, 77), (63, 62), (64, 60), (65, 64), (66, 63), (67, 74), (69, 85), (69, 86), (70, 80), (70, 87), (71, 88)]
[(0, 0), (1, 1), (2, 2), (3, 2), (4, 4), (6, 22), (7, 10), (8, 10), (9, 25), (10, 11), (11, 7), (12, 9), (13, 4), (15, 5), (16, 6), (17, 27), (19, 16), (21, 13), (22, 14), (23, 19), (24, 20), (25, 20), (26, 20), (27, 20), (28, 21), (29, 22), (31, 25), (32, 26), (33, 27), (35, 23), (36, 28), (37, 29), (38, 30), (39, 31), (40, 32), (41, 33), (42, 37), (43, 38), (43, 39), (44, 40), (47, 35), (48, 36), (49, 41), (50, 42), (51, 43), (52, 44), (53, 44), (54, 45), (55, 47), (56, 49), (57, 50)]
[(0, 0), (1, 0), (2, 1), (2, 2), (3, 6), (4, 8), (5, 8), (6, 7), (7, 5), (9, 5), (11, 4), (12, 4), (13, 4), (14, 9)]
[(0, 5), (2, 3), (3, 4), (4, 5), (5, 0), (7, 1), (8, 1), (9, 6), (10, 10), (11, 11), (12, 12), (15, 9), (16, 9), (17, 13), (21, 14), (22, 15), (24, 16), (26, 16), (27, 17), (28, 18), (29, 19), (30, 19), (31, 19), (32, 19), (33, 20), (35, 21), (36, 21), (37, 22), (38, 23), (39, 24)]
[(0, 9), (1, 10), (2, 5), (3, 6), (3, 11), (5, 8), (8, 3), (11, 0), (12, 1), (13, 12), (14, 12), (15, 13), (16, 13), (17, 16), (18, 17), (21, 14), (22, 15), (23, 21), (24, 21), (25, 18), (25, 19), (25, 20), (27, 23), (28, 23), (29, 25), (30, 26), (31, 27), (32, 28), (33, 29), (34, 30), (35, 29), (36, 31)]
[(0, 0), (1, 1), (3, 9), (4, 11), (5, 2), (6, 6), (7, 7), (8, 7), (9, 5), (10, 5), (12, 3), (13, 4), (14, 12), (15, 13), (16, 14), (17, 15), (18, 16), (19, 17), (20, 17), (22, 18), (23, 19), (26, 21), (26, 22), (27, 25), (28, 26), (29, 29), (30, 27), (31, 27), (32, 28), (33, 28), (34, 31), (35, 32), (36, 32), (37, 33), (37, 34), (41, 35), (42, 36), (44, 37), (44, 50), (45, 38), (46, 39), (47, 40), (48, 42), (50, 43), (51, 44), (52, 45), (53, 46), (54, 47), (55, 48), (56, 52), (59, 50), (60, 53)]
[(0, 0), (1, 1), (3, 2), (4, 3), (5, 4), (6, 5), (7, 6), (8, 7), (8, 8), (9, 9), (10, 10)]
[(0, 0), (0, 1), (1, 2), (2, 3), (4, 16), (5, 16), (6, 15), (7, 14), (8, 13), (9, 11), (10, 5), (11, 8), (12, 9), (13, 6), (14, 7), (15, 7), (16, 17)]
[(0, 1), (1, 2), (2, 4), (3, 5), (5, 6), (6, 25), (8, 11), (9, 11), (11, 8), (11, 12), (11, 13), (12, 14), (13, 7), (14, 8), (15, 16), (16, 17), (17, 22), (18, 21), (19, 23), (20, 20), (21, 18), (22, 18), (23, 19), (24, 24), (25, 25), (26, 30), (27, 28), (28, 29), (29, 26), (30, 26), (31, 27), (32, 31), (33, 32), (33, 36), (34, 33), (35, 33), (36, 35), (37, 36), (38, 37), (39, 39), (40, 40)]
[(0, 3), (1, 6), (3, 4), (4, 6), (5, 7), (5, 8), (6, 9), (8, 0), (9, 1), (10, 2), (11, 10), (12, 11), (13, 12), (14, 12), (15, 13), (16, 14), (18, 14), (19, 14), (20, 15), (21, 15), (22, 16), (23, 17), (24, 18)]
[(0, 2), (1, 3), (2, 20), (3, 0), (4, 1), (5, 4), (6, 4), (8, 4), (9, 5), (10, 6), (11, 6), (12, 7), (13, 14), (14, 16), (15, 17), (16, 19), (18, 15), (19, 15), (20, 9), (21, 10), (22, 21), (23, 22), (24, 23), (24, 24), (25, 25), (26, 26), (27, 26), (28, 28), (29, 27), (30, 29), (31, 30)]
[(0, 0), (1, 1), (2, 2), (4, 6), (5, 3), (6, 3), (7, 4), (8, 5), (9, 6), (10, 7), (11, 7), (12, 8), (13, 9), (14, 10), (15, 11), (16, 12), (17, 16), (18, 16), (19, 13), (20, 13), (21, 15), (22, 14), (25, 17), (26, 18), (27, 38), (29, 19), (30, 20), (31, 21), (32, 23), (33, 24), (34, 26), (35, 27), (36, 28), (37, 29), (38, 31), (39, 32), (40, 32), (41, 34), (42, 34), (43, 36), (45, 35), (46, 30), (49, 42), (50, 46), (51, 45), (52, 43), (53, 44), (53, 46), (54, 47), (58, 51), (59, 48), (60, 49), (61, 49), (62, 49), (63, 50), (64, 53)]
[(0, 0), (1, 0), (2, 1), (3, 2), (4, 3), (5, 4), (6, 5), (7, 6), (9, 7), (11, 8), (12, 8), (13, 9), (14, 9), (15, 10), (16, 11), (17, 12)]
[(0, 0), (1, 1), (2, 2), (3, 2), (4, 3), (5, 4), (6, 4), (7, 4), (8, 5), (9, 6), (10, 6), (11, 9), (13, 10), (14, 7), (15, 7), (18, 14), (19, 18), (20, 16), (22, 17), (23, 15), (24, 19)]
[(0, 0), (1, 1), (2, 2), (3, 3), (4, 4), (5, 4), (6, 5), (7, 5), (8, 12), (11, 6), (12, 7), (13, 9), (14, 10), (16, 12), (17, 26), (18, 13), (19, 14), (22, 14), (24, 15), (25, 15), (26, 16), (27, 17), (27, 18), (28, 19), (29, 20), (30, 21), (31, 21), (32, 22), (33, 23), (34, 23), (35, 24), (36, 25), (37, 27)]
[(0, 0), (1, 8), (2, 9), (3, 10), (4, 11), (5, 2), (6, 3), (7, 4), (8, 4), (9, 12)]
[(0, 0), (1, 6), (2, 7), (3, 5), (5, 1), (6, 2), (7, 3), (8, 3), (9, 4), (10, 8), (11, 9), (12, 11), (13, 13), (14, 14), (15, 17), (16, 18), (17, 19), (18, 20), (19, 20), (20, 21), (21, 22), (22, 25), (23, 23), (24, 24), (25, 26)]
[(0, 0), (1, 0), (2, 1), (3, 1), (4, 2), (4, 6), (5, 3), (6, 4), (7, 5), (8, 8), (9, 9), (10, 10), (11, 12), (12, 11), (13, 13), (14, 14), (15, 13), (15, 15), (16, 17), (19, 21), (20, 22), (23, 20), (24, 19), (25, 18), (26, 18), (30, 23)]
[(0, 0), (1, 9), (2, 7), (3, 7), (5, 5), (6, 6), (9, 4), (10, 2), (11, 3), (12, 1), (13, 10), (14, 11), (15, 14), (16, 15), (18, 12), (19, 13), (20, 16)]
[(0, 0), (0, 1), (1, 2), (2, 3), (2, 4), (4, 10), (5, 11), (6, 11), (7, 12), (8, 12), (9, 5), (10, 5), (11, 6), (12, 7), (13, 8)]
[(0, 0), (1, 0), (3, 1), (4, 2), (5, 4), (6, 5), (7, 5), (8, 6), (9, 7), (10, 8), (11, 11), (12, 11), (13, 9), (14, 10), (15, 12), (15, 13), (16, 14), (17, 26), (19, 20), (20, 21), (21, 24), (22, 22), (23, 23), (24, 15), (25, 16), (26, 18), (27, 18), (28, 19), (29, 27)]
[(0, 0), (1, 1), (1, 2), (2, 6), (3, 10), (4, 8), (5, 11), (7, 3), (8, 4), (9, 12), (9, 13), (10, 14), (11, 15), (12, 16), (13, 17), (14, 17), (15, 18), (16, 19), (17, 20), (18, 21), (19, 22), (20, 28), (21, 29), (23, 25), (24, 23), (25, 24), (26, 29), (27, 30)]
[(0, 0), (0, 1), (1, 2), (2, 3), (3, 4), (4, 5), (5, 6), (6, 7), (7, 10)]
[(0, 0), (0, 1), (1, 2), (2, 3), (3, 8), (4, 4), (6, 5), (6, 7), (7, 6), (9, 9), (10, 11), (10, 12)]
[(0, 0), (0, 1), (1, 2), (2, 2), (3, 3), (4, 5), (5, 6), (6, 7), (7, 19), (8, 9), (12, 10), (13, 11), (14, 12), (15, 13), (16, 12), (17, 14), (18, 15), (19, 16), (20, 17), (21, 18), (24, 24), (24, 32), (25, 26), (25, 27), (25, 34), (25, 35), (26, 28), (26, 29), (26, 37), (26, 38), (27, 40), (28, 23), (29, 20), (30, 21), (31, 22), (32, 41), (34, 48), (34, 49), (36, 45), (37, 46), (38, 59), (39, 50), (40, 51), (41, 51), (43, 53), (46, 57), (47, 55), (48, 60)]
[(0, 2), (1, 3), (2, 4), (3, 1), (4, 0), (5, 5), (6, 6), (7, 9), (8, 7), (9, 8), (10, 12), (11, 14), (12, 15), (13, 16), (14, 17), (15, 18), (16, 19), (17, 20), (18, 21), (20, 23), (21, 24), (22, 25)]
[(0, 0), (1, 1), (2, 2), (3, 3), (4, 4), (5, 10), (6, 11), (8, 9), (9, 5), (10, 7), (11, 8), (12, 6), (13, 6), (14, 8), (15, 12), (16, 12), (17, 18), (18, 18), (20, 19), (21, 13), (22, 14), (22, 16), (23, 15), (24, 16), (25, 17), (26, 20)]
[(0, 17), (0, 18), (1, 19), (2, 20), (3, 21), (4, 23), (5, 25), (6, 25), (7, 24), (8, 26), (9, 16), (10, 28), (11, 15), (12, 9), (13, 11), (13, 12), (14, 14), (15, 8), (16, 5), (17, 7), (18, 7), (20, 2), (21, 3), (21, 4), (23, 0), (24, 1), (25, 27)]
[(0, 3), (1, 4), (2, 12), (3, 13), (4, 5), (5, 9), (6, 6), (7, 6), (8, 10), (9, 7), (10, 7), (11, 15), (12, 16), (12, 17), (13, 18), (14, 18), (16, 19), (17, 19), (18, 20), (19, 22), (20, 23), (22, 20), (23, 26), (24, 25), (25, 25), (26, 27), (27, 2), (28, 0), (29, 1), (30, 28)]
[(0, 0), (1, 1), (2, 3), (2, 4), (3, 5), (4, 9), (5, 10), (6, 8), (7, 6), (8, 6), (9, 11)]
[(0, 0), (1, 1), (2, 5), (3, 6), (6, 3), (6, 4), (8, 2), (12, 7), (13, 7), (14, 8), (15, 12), (16, 11), (17, 9), (18, 10), (19, 13), (20, 17), (21, 19), (22, 21), (23, 14), (24, 15), (25, 15), (26, 22), (27, 23), (28, 24), (29, 25), (30, 26), (31, 27), (32, 32), (34, 29), (35, 30), (36, 33)]
[(0, 0), (1, 1), (2, 2), (2, 3), (3, 4), (4, 5), (5, 6), (6, 7), (7, 8), (8, 9), (8, 10), (9, 10), (10, 13), (11, 14), (12, 14), (13, 15), (14, 15), (15, 16), (16, 17), (17, 18), (18, 19), (19, 20), (20, 21), (21, 22), (21, 23), (22, 25), (23, 30), (24, 31), (25, 32), (29, 34), (30, 24), (33, 28), (34, 29), (36, 26), (37, 35), (38, 36), (39, 36), (40, 37), (41, 38), (64, 39)]
[(0, 0), (1, 1), (2, 1), (3, 5), (5, 2), (6, 2), (7, 3), (8, 6)]
[(0, 4), (0, 5), (1, 6), (2, 7), (3, 8), (4, 9), (5, 12), (6, 13), (7, 22), (8, 23), (9, 25), (9, 26), (10, 24), (11, 24), (12, 29), (13, 26), (14, 27), (15, 14), (16, 15), (17, 17), (18, 18), (19, 19), (20, 20), (21, 30), (22, 31), (23, 1), (24, 0), (25, 32)]
[(0, 0), (1, 1), (2, 1), (3, 3), (4, 2), (5, 4), (6, 5)]
[(0, 9), (1, 11), (1, 12), (1, 13), (2, 3), (3, 4), (5, 5), (5, 6), (6, 7), (7, 19), (8, 0), (9, 0), (10, 1), (11, 2), (13, 14), (14, 16), (15, 18), (16, 20), (17, 21), (18, 22), (19, 23), (19, 24), (20, 26), (20, 27), (21, 27), (22, 28)]
[(0, 0), (1, 1), (2, 2), (3, 6), (4, 4), (4, 5), (5, 7), (6, 9), (7, 10), (8, 11), (9, 12), (11, 16), (12, 17), (13, 13), (14, 14), (15, 15), (16, 18), (17, 19), (19, 19), (20, 20), (21, 21), (22, 20), (24, 21), (25, 22)]
[(0, 0), (0, 1), (1, 2), (2, 3), (3, 3), (3, 4), (4, 6), (5, 7), (6, 8), (7, 9), (8, 10), (9, 10), (10, 13), (11, 14), (12, 11), (15, 12), (16, 15), (17, 17), (17, 18)]
[(0, 0), (0, 1), (1, 2), (3, 2), (4, 3), (5, 4), (6, 5), (8, 5), (9, 6), (10, 7), (11, 8), (12, 9), (13, 10), (14, 12), (14, 13)]
[(0, 4), (0, 5), (1, 6), (3, 10), (6, 15), (7, 16), (9, 10), (10, 13), (11, 11), (12, 11), (13, 17), (14, 9), (14, 18), (15, 14), (15, 19), (16, 20), (17, 21), (18, 22), (19, 22), (20, 24), (21, 26), (22, 27), (23, 27), (26, 30), (27, 35), (28, 31), (29, 31), (30, 32), (31, 33), (32, 36), (33, 37), (35, 0), (36, 38)]
[(0, 0), (1, 1), (2, 2), (3, 8), (4, 9), (5, 4), (6, 4), (7, 5), (7, 6), (7, 7), (8, 11), (9, 12), (10, 13), (11, 15), (12, 16), (13, 19), (14, 17), (15, 18), (16, 20), (18, 13), (19, 22), (20, 22), (22, 25), (24, 24), (25, 25), (26, 26)]
[(0, 0), (1, 0), (2, 1), (3, 5), (4, 6), (5, 2), (6, 3), (7, 7), (7, 16), (8, 8), (9, 9), (10, 9), (11, 10), (12, 11), (13, 15), (14, 12), (15, 13), (17, 18), (17, 19), (18, 18), (21, 20), (22, 24), (22, 32), (23, 21), (24, 22), (24, 31), (26, 50), (27, 28), (28, 26), (28, 33), (30, 38), (31, 36), (32, 36), (33, 40), (35, 38), (36, 46), (37, 47), (38, 48), (40, 41), (40, 42), (41, 44), (42, 43), (43, 44), (44, 51)]
[(0, 5), (0, 9), (1, 11), (1, 12), (2, 7), (3, 4), (4, 3), (5, 3), (5, 4), (7, 2), (9, 1), (10, 1), (11, 0), (12, 0), (18, 2), (40, 8)]
[(0, 3), (1, 8), (2, 7), (3, 8), (4, 4), (6, 6), (7, 6), (8, 5), (9, 5), (11, 0), (12, 1), (13, 9), (14, 10), (15, 11), (16, 12), (17, 13), (18, 14), (19, 15), (20, 17), (20, 18), (21, 19), (22, 20), (23, 21), (24, 21), (25, 23)]
[(0, 3), (0, 4), (1, 5), (2, 6), (3, 7), (4, 7), (5, 8), (6, 10), (7, 9), (8, 10), (9, 11), (10, 15), (12, 26), (13, 13), (14, 16), (15, 18), (16, 18), (17, 19), (18, 23), (19, 26), (22, 20), (23, 2), (24, 29), (24, 30), (25, 1), (26, 0), (28, 17), (33, 0), (37, 28)]
[(0, 0), (1, 1), (2, 2), (3, 13), (4, 3), (5, 4), (6, 5), (7, 4), (8, 4), (8, 6), (9, 7), (10, 8), (11, 9), (11, 10), (11, 11), (12, 14)]
[(0, 0), (1, 0), (2, 1)]
[(0, 10), (1, 6), (2, 8), (3, 7), (4, 7), (5, 11), (6, 11), (7, 12), (8, 12), (9, 5), (12, 3), (14, 1), (15, 13)]
[(0, 0), (1, 1), (2, 2), (3, 2), (4, 5), (5, 7), (6, 3), (7, 4), (8, 8)]
[(0, 0), (1, 0), (2, 1), (3, 2), (4, 2), (5, 9), (6, 10), (7, 3), (8, 7), (9, 8), (10, 5), (11, 5), (12, 5), (13, 3), (14, 4), (15, 11)]
[(0, 0), (1, 1), (2, 0), (5, 16), (6, 7), (7, 8), (8, 8), (9, 10), (9, 11), (9, 12), (10, 13), (11, 6), (12, 2), (13, 3), (14, 5), (15, 18), (16, 21), (18, 19), (19, 20), (20, 20), (21, 22)]
[(0, 0), (1, 1), (2, 2), (3, 7), (4, 8), (5, 8), (6, 7), (7, 3), (8, 4), (9, 9), (10, 11), (11, 12), (12, 18), (14, 16), (16, 15), (17, 15), (18, 19)]
[(0, 15), (1, 16), (2, 18), (3, 19), (4, 19), (5, 0), (6, 7), (7, 11), (9, 8), (10, 8), (12, 9), (13, 13), (14, 6), (16, 1), (16, 2), (17, 3), (18, 5), (19, 4), (20, 20)]
[(0, 0), (1, 0), (2, 1), (3, 2), (4, 3), (6, 5), (7, 4), (8, 6)]
[(0, 0), (1, 0), (2, 1), (3, 2), (4, 10), (5, 11), (6, 7), (7, 8), (9, 3), (10, 4), (11, 4), (12, 5), (13, 6), (14, 12)]
[(0, 11), (1, 9), (2, 9), (3, 10), (4, 13), (5, 12), (6, 0), (7, 4), (8, 5), (11, 2), (13, 2), (14, 1), (15, 14), (16, 15), (17, 15), (18, 16), (19, 17), (20, 18)]
[(0, 0), (1, 0), (1, 1), (2, 2), (3, 3), (4, 4), (6, 10), (6, 11), (7, 12), (8, 12), (9, 14), (10, 15), (11, 13), (12, 13), (13, 5), (14, 6), (15, 9), (15, 16), (16, 20), (17, 17), (18, 18), (19, 21), (20, 28), (21, 22), (22, 31), (24, 25), (25, 26), (26, 27), (27, 24), (28, 23), (29, 29), (30, 32), (31, 33), (32, 29), (33, 30), (34, 34)]
[(0, 0), (1, 1), (2, 4), (3, 2), (4, 3), (5, 5), (6, 3), (7, 11), (8, 12), (9, 14), (10, 13), (11, 10), (13, 8), (14, 8), (15, 9), (16, 9), (17, 12), (18, 6), (19, 6), (20, 15)]
[(0, 0), (1, 2), (2, 3), (2, 4), (3, 4), (4, 5), (5, 9), (6, 1), (7, 6), (8, 7), (9, 8), (11, 11), (12, 12), (14, 13), (15, 15), (16, 14), (16, 15), (16, 16), (17, 17), (18, 18), (19, 10), (20, 20), (21, 22), (22, 23), (23, 19), (23, 24), (24, 25), (24, 27), (25, 26), (27, 28), (28, 29), (29, 30), (30, 31), (31, 32), (32, 33), (33, 34), (34, 35)]
[(0, 3), (1, 4), (2, 5), (3, 6), (4, 7), (6, 0), (7, 1), (8, 17), (9, 9), (10, 18), (11, 8), (13, 9), (14, 10), (15, 11), (16, 12), (17, 15), (18, 13), (19, 13), (20, 19), (21, 20), (22, 23), (24, 21), (25, 22), (26, 22), (27, 25), (28, 31), (29, 33), (30, 32), (31, 32), (32, 28), (33, 29), (34, 30), (35, 27), (36, 26), (37, 34), (38, 35), (39, 36), (40, 37), (41, 38)]
[(0, 0), (0, 1), (1, 2), (2, 3), (2, 5), (3, 6), (4, 8), (5, 14), (6, 15), (7, 9), (8, 10), (9, 11), (10, 12), (11, 13), (12, 16), (13, 20), (14, 21), (15, 22), (16, 10), (17, 18), (18, 24), (19, 26), (20, 33), (22, 32), (23, 32), (24, 25), (25, 27), (26, 27), (26, 28), (27, 35), (28, 40), (29, 39), (29, 40), (30, 36), (31, 37), (31, 38), (32, 41), (33, 44), (34, 45), (35, 46), (36, 47), (37, 48), (38, 42), (39, 49), (40, 50)]
[(0, 0), (1, 0), (2, 1), (3, 5), (4, 6), (5, 4), (6, 3), (7, 7), (7, 8), (8, 12), (9, 9), (10, 10), (11, 13)]
[(1, 0), (2, 5), (3, 7), (4, 7), (5, 1), (6, 2), (7, 2), (8, 3), (9, 3), (10, 11), (11, 10), (12, 11), (13, 12), (14, 13), (15, 13), (16, 14), (17, 16), (18, 15), (19, 18), (20, 18), (21, 20), (22, 21), (22, 22), (23, 24), (24, 23), (25, 26), (26, 25), (27, 27), (28, 28)]
[(0, 0), (1, 0), (2, 1), (3, 4), (4, 2), (5, 5), (6, 6), (7, 7), (8, 7), (9, 7), (10, 8), (11, 9), (12, 9), (13, 10)]
[(0, 0), (1, 3), (2, 1), (4, 2), (4, 3), (5, 5), (6, 4), (7, 4), (8, 6), (9, 15), (10, 16), (11, 12), (12, 13), (13, 13), (13, 14), (14, 8), (15, 9), (16, 10), (17, 22), (18, 17), (19, 22), (20, 18), (21, 19), (21, 20), (22, 23), (23, 25), (24, 26), (25, 25), (26, 24), (27, 24), (29, 27), (30, 28), (31, 29), (32, 30), (33, 31), (33, 32), (33, 33)]
[(0, 0), (1, 1), (1, 7), (2, 8), (3, 9), (3, 10), (4, 10), (5, 2), (6, 3), (7, 5), (8, 6), (9, 11), (10, 12), (10, 13), (11, 14), (12, 15), (13, 16), (14, 17)]
[(0, 0), (1, 1), (2, 2), (3, 3), (4, 4), (5, 5), (6, 28), (7, 29), (10, 6), (10, 7), (11, 9), (12, 8), (13, 22), (14, 14), (14, 22), (15, 16), (16, 24), (17, 26), (18, 30), (20, 37), (21, 31), (22, 32), (23, 32), (24, 33), (25, 36), (26, 34), (27, 35), (28, 39)]
[(2, 4), (3, 0), (4, 1), (5, 2), (6, 3), (7, 5), (10, 6), (11, 7), (12, 7), (13, 8), (14, 9), (15, 10), (16, 10), (18, 11), (19, 12)]
[(2, 4), (3, 4), (4, 4), (5, 0), (6, 2), (7, 1), (8, 2), (9, 5), (10, 8), (11, 9), (12, 6), (13, 7), (18, 13), (20, 14), (21, 15), (22, 16), (23, 17), (25, 25), (26, 24), (27, 25), (28, 26), (29, 22), (30, 20), (31, 21), (32, 27), (33, 28), (34, 29), (35, 30), (36, 31), (37, 32)]
[(0, 0), (0, 1), (1, 2), (2, 3), (2, 4), (3, 6), (4, 7), (6, 8), (7, 9), (9, 10), (10, 10), (12, 11), (13, 16), (14, 15), (15, 15), (16, 12), (17, 13), (18, 12), (19, 13), (20, 17), (21, 18), (22, 19), (23, 25), (24, 25), (25, 20), (26, 23), (27, 24), (28, 21), (29, 21), (30, 26), (31, 27), (32, 32), (33, 32), (34, 34), (35, 28), (35, 31), (36, 29), (36, 30), (37, 35)]
[(0, 0), (2, 6), (2, 7), (3, 9), (4, 10), (5, 11), (6, 11), (7, 4), (8, 7), (9, 5), (10, 1), (11, 1), (12, 2), (13, 3), (14, 3), (15, 13), (16, 16), (17, 17), (18, 18), (19, 19), (20, 20), (21, 20), (22, 14), (23, 15), (24, 21), (25, 22), (26, 23), (27, 27), (28, 28), (29, 24), (30, 25), (31, 30), (32, 31), (33, 31), (34, 35), (35, 36), (36, 33), (37, 32), (38, 37), (39, 38), (40, 39), (41, 40), (42, 41), (43, 42)]
[(0, 0), (0, 1), (1, 2), (2, 3), (2, 5), (3, 6), (4, 7), (5, 8), (6, 8), (7, 9), (8, 10), (9, 10), (10, 17), (12, 15), (13, 11), (14, 12), (15, 13), (16, 14), (17, 18), (18, 19), (19, 19), (20, 22), (21, 23), (22, 20), (23, 20), (24, 24)]
[(0, 0), (0, 2), (1, 3), (2, 6), (3, 7), (4, 8), (5, 9), (6, 5), (7, 4), (8, 10), (9, 10), (10, 34), (11, 35), (13, 37), (14, 38), (17, 40), (18, 41), (19, 30), (20, 12), (21, 13), (22, 14), (22, 15), (23, 16), (24, 20), (25, 21), (26, 19), (27, 24), (28, 25), (29, 26), (30, 27), (31, 28), (32, 29), (33, 42)]
[(0, 0), (1, 1), (2, 8), (3, 9), (5, 5), (6, 6), (7, 7), (8, 2), (9, 3), (10, 4), (11, 10), (12, 11), (13, 11), (14, 12), (15, 13), (16, 14), (17, 15), (18, 16), (19, 17), (20, 17), (21, 20), (22, 21), (23, 18), (24, 18), (25, 22), (26, 23), (27, 24), (28, 25), (29, 9), (30, 26), (31, 27), (32, 28), (33, 29), (34, 30), (35, 33), (36, 31), (37, 32), (38, 32), (39, 34), (40, 35), (41, 36), (42, 37), (43, 38), (44, 39), (45, 40), (46, 41), (47, 43), (48, 44), (49, 45), (50, 42), (51, 42), (52, 47), (53, 48)]
[(0, 0), (1, 1), (2, 2), (3, 3), (4, 11), (5, 11), (6, 14), (7, 12), (8, 13), (9, 15), (10, 9), (11, 10), (13, 4), (14, 5), (15, 7), (16, 7), (17, 6), (18, 16), (19, 17), (20, 18), (21, 27), (22, 28), (23, 29), (24, 20), (25, 21), (26, 22), (27, 21), (28, 23), (29, 24), (30, 25), (31, 30)]
[(0, 0), (1, 1), (2, 2), (3, 8), (4, 3), (5, 4), (6, 5), (7, 6), (9, 11), (10, 12), (11, 13)]
[(2, 0), (3, 0), (4, 1), (5, 2), (6, 3), (7, 3), (8, 5), (9, 6), (10, 7), (11, 8), (12, 11), (13, 13), (14, 15), (15, 17), (16, 16), (17, 18), (18, 19), (19, 26), (20, 27), (21, 20), (22, 22), (23, 21), (24, 23), (25, 24), (26, 25), (27, 28), (28, 30), (29, 30), (30, 29), (31, 31), (32, 40), (33, 32), (33, 37), (34, 34), (34, 35), (34, 39), (35, 41), (36, 46), (37, 48), (38, 49), (39, 50), (40, 1), (41, 51), (42, 56), (43, 56), (44, 61), (47, 52), (47, 53), (48, 64), (49, 65), (50, 68), (51, 69), (52, 69), (53, 66), (54, 67), (55, 67), (56, 70)]
[(0, 0), (1, 0), (2, 2), (3, 3), (4, 3), (5, 4), (6, 5), (7, 6), (8, 7), (9, 8), (10, 9), (12, 12), (13, 9), (14, 11), (14, 16), (15, 14), (18, 15), (19, 17), (20, 18), (21, 19)]
[(0, 4), (1, 4), (2, 3), (3, 3), (6, 5), (7, 10), (8, 11), (9, 9), (10, 6), (11, 7), (11, 8), (12, 8), (13, 13), (14, 18), (15, 19), (16, 20), (16, 27), (17, 20), (17, 21), (18, 17), (19, 17), (20, 16), (21, 15), (22, 15), (23, 22), (24, 23), (25, 24), (26, 23), (28, 31), (29, 32), (30, 34), (30, 35), (31, 25), (32, 27), (33, 29), (34, 26), (35, 36)]
[(0, 0), (1, 0), (2, 1), (3, 1), (4, 2), (5, 3), (6, 3), (7, 4), (8, 5), (9, 6), (10, 9), (12, 12), (13, 13), (14, 13), (15, 15), (16, 7), (17, 7), (18, 8), (19, 8), (20, 16), (22, 17), (23, 17), (24, 18), (25, 18), (26, 19), (27, 20), (28, 21), (29, 23), (30, 22), (31, 24), (32, 24), (33, 25), (34, 26), (35, 27), (36, 36), (37, 34), (38, 20), (42, 33), (43, 30), (44, 29), (45, 31), (46, 31), (47, 32), (48, 32), (49, 37)]
[(0, 0), (1, 0), (3, 1), (4, 5), (5, 2), (6, 3), (7, 3), (8, 6), (9, 7), (10, 7), (11, 10), (12, 10), (13, 8), (15, 9), (16, 9), (18, 13), (19, 13), (20, 14), (21, 19), (21, 28), (22, 21), (22, 30), (23, 23), (24, 31), (25, 40), (26, 40), (27, 41), (28, 42), (29, 42), (30, 39), (31, 38), (32, 33), (33, 35), (33, 36), (34, 37), (35, 38), (36, 43)]
[(0, 2), (1, 4), (2, 5), (2, 21), (4, 10), (5, 12), (6, 13), (7, 14), (8, 18), (9, 18), (10, 15), (11, 16), (12, 17), (13, 22), (14, 22), (15, 23), (16, 24), (17, 29), (18, 30), (19, 28), (20, 25), (21, 25), (21, 26), (22, 27), (23, 31), (24, 32), (25, 34), (26, 33), (27, 36), (28, 36), (29, 37), (29, 38), (30, 38), (31, 40), (31, 41), (32, 42)]
[(0, 0), (1, 4), (3, 1), (4, 2), (5, 2), (6, 8), (7, 9), (8, 7), (8, 11), (9, 12), (10, 13), (11, 0), (13, 14), (14, 18), (15, 19), (17, 15), (18, 16), (19, 16), (20, 21), (21, 22), (22, 23), (23, 26), (24, 24), (25, 24), (26, 25), (27, 27)]
[(0, 0), (0, 1), (1, 2), (2, 3), (3, 4), (4, 5), (5, 10), (6, 12), (7, 14), (8, 16), (9, 21), (10, 21), (11, 22), (12, 24), (13, 25), (14, 17), (16, 19), (19, 18), (20, 26)]
[(0, 0), (1, 0), (2, 1), (3, 14), (4, 11), (5, 12), (6, 12), (7, 13), (8, 9), (9, 10), (10, 2), (11, 2), (13, 3), (14, 5), (15, 6), (16, 6), (17, 15)]
[(0, 0), (1, 0), (2, 2), (6, 14), (7, 7), (7, 11), (8, 9), (8, 13), (9, 15), (10, 3), (11, 3), (13, 5), (14, 6), (15, 16), (16, 17), (18, 21), (19, 21), (20, 18), (21, 18), (22, 19), (23, 22)]
[(0, 3), (1, 2), (2, 3), (4, 0), (5, 0), (6, 4), (7, 5), (7, 6), (8, 7), (9, 8), (10, 9)]
[(0, 0), (2, 0), (3, 1), (4, 3), (5, 4), (6, 4), (7, 5), (8, 8), (9, 8), (10, 9), (11, 10), (11, 11), (12, 12), (13, 12), (14, 6), (15, 6), (16, 15)]
[(0, 0), (2, 1), (3, 2), (4, 4), (7, 2), (8, 3), (9, 3), (10, 6)]
[(0, 0), (1, 0), (2, 1), (3, 2), (4, 3), (5, 13), (6, 4), (8, 11), (8, 12), (10, 5), (11, 10), (12, 11), (14, 6), (15, 7), (16, 8), (17, 14)]
[(0, 0), (1, 7), (2, 1), (3, 3), (4, 7), (5, 4), (5, 34), (6, 9), (7, 9), (8, 10), (9, 11), (10, 10), (11, 13), (12, 31), (15, 6), (16, 15), (16, 16), (17, 17), (18, 17), (19, 18), (20, 19), (21, 29), (21, 30), (22, 30), (23, 28), (24, 21), (24, 22), (25, 25), (26, 26), (27, 24), (27, 27), (28, 32), (29, 33), (30, 33), (31, 34), (32, 35), (33, 35), (34, 36), (35, 38), (36, 37), (38, 38), (39, 39), (40, 40), (41, 47), (42, 41), (43, 44), (44, 45), (46, 42), (47, 42), (48, 43), (49, 48), (50, 50), (50, 51)]
[(0, 0), (1, 1), (2, 18), (3, 19), (4, 20), (6, 2), (7, 3), (8, 4), (9, 5), (10, 8), (12, 7), (13, 9), (13, 10), (15, 6), (16, 6), (18, 11), (19, 11), (22, 16), (23, 17), (24, 12), (25, 12), (26, 13), (27, 14), (28, 15), (30, 21), (31, 21), (32, 21), (33, 22), (33, 28), (34, 23), (34, 25), (35, 26), (36, 29)]
[(0, 0), (0, 1), (1, 2), (2, 4), (2, 5), (3, 6), (3, 14), (4, 6), (5, 7), (6, 8), (7, 14), (8, 9), (9, 10), (10, 11), (11, 15), (12, 20), (13, 16), (14, 17), (15, 18), (16, 21), (17, 22), (18, 22), (19, 23), (21, 31), (22, 31), (23, 32), (24, 30), (25, 24), (26, 25), (27, 26), (28, 27), (29, 28), (30, 29), (31, 33), (32, 34), (42, 35)]
[(0, 0), (0, 1), (1, 2), (2, 2), (3, 3), (4, 14), (5, 15), (6, 3), (6, 16), (10, 10), (11, 4), (12, 12), (13, 11), (14, 8), (15, 9), (16, 10), (18, 5), (19, 6), (20, 17), (21, 19), (21, 20)]
[(0, 0), (1, 7), (2, 8), (3, 9), (4, 1), (5, 4), (6, 2), (7, 2), (8, 3), (9, 10), (9, 11), (10, 12), (11, 15), (12, 14), (13, 13), (14, 16), (15, 16), (16, 17), (17, 18), (17, 19), (17, 20), (18, 21)]
[(0, 0), (0, 3), (1, 5), (2, 8), (4, 13), (5, 13), (7, 10), (8, 11), (9, 16), (10, 17), (11, 18), (12, 19), (13, 20), (14, 21), (15, 23), (16, 24), (17, 24), (18, 22), (19, 22), (20, 25), (21, 26), (21, 27), (21, 33), (22, 29), (23, 31), (24, 31), (25, 34), (26, 32), (26, 33), (27, 34), (28, 37)]
[(1, 0), (1, 2), (2, 4), (3, 5), (4, 5), (5, 6), (5, 8), (6, 9), (7, 10), (8, 11), (9, 12), (9, 13), (10, 14), (11, 15), (12, 16)]
[(0, 0), (1, 1), (2, 2), (3, 3), (4, 3), (5, 4), (6, 21), (7, 9), (8, 11), (8, 15), (9, 13), (9, 17), (10, 18), (11, 5), (12, 7), (13, 6), (14, 7), (15, 19), (15, 20), (16, 21), (17, 22), (17, 23), (17, 25), (18, 26), (18, 27), (19, 30), (20, 32)]
[(0, 0), (0, 2), (1, 4), (2, 4), (3, 8), (4, 7), (5, 6), (6, 5), (7, 6), (8, 9), (9, 13), (10, 14), (11, 15), (12, 16), (13, 16), (14, 15), (15, 11), (16, 17), (17, 22), (18, 18), (19, 19), (20, 19), (20, 20), (21, 21), (22, 24)]
[(0, 0), (1, 2), (2, 2), (3, 3), (4, 3), (5, 4), (5, 6), (6, 7), (7, 8), (9, 8), (10, 9), (11, 10), (12, 10), (13, 11), (14, 12), (15, 12), (16, 13), (17, 14), (19, 18), (21, 15), (22, 16), (23, 16), (24, 21), (26, 24), (27, 25), (28, 23), (29, 27)]
[(0, 0), (1, 3), (2, 1), (3, 1), (3, 2), (4, 3), (5, 4), (6, 5), (7, 7), (8, 6), (9, 8)]
[(0, 1), (1, 2), (1, 3), (3, 0), (4, 0), (5, 3), (6, 4), (7, 4), (11, 5), (11, 6)]
[(0, 0), (1, 3), (2, 4), (3, 6), (4, 2), (6, 1), (7, 8), (7, 9), (8, 10), (9, 12), (10, 14), (11, 16), (12, 17), (13, 18)]
[(0, 0), (1, 3), (2, 3), (4, 1), (5, 5), (5, 10), (7, 5), (8, 6), (9, 8), (10, 8), (11, 10), (12, 11), (13, 13), (14, 14)]
[(0, 4), (1, 4), (2, 4), (3, 0), (4, 1), (5, 7), (6, 8), (6, 9), (7, 15), (8, 16), (9, 18), (12, 11), (13, 12), (16, 14), (17, 14), (18, 10), (19, 19), (20, 20), (21, 21), (21, 22), (21, 23), (21, 24), (23, 25), (24, 27), (25, 27), (26, 28), (28, 26), (29, 30)]
[(0, 0), (1, 0), (2, 1), (3, 2), (4, 3), (5, 3), (7, 9), (8, 9), (11, 6), (12, 7), (14, 5), (15, 32), (16, 4), (17, 15), (18, 16), (19, 18), (20, 8), (21, 13), (22, 12), (24, 14), (25, 10), (25, 19), (26, 11), (27, 21), (28, 22), (29, 22), (30, 23), (31, 23), (32, 29), (33, 26), (33, 27), (33, 31), (34, 33), (35, 34), (36, 34), (37, 41), (38, 35), (39, 35), (40, 36), (41, 38), (42, 37), (42, 39), (43, 42)]
[(0, 0), (1, 1), (2, 2), (3, 24), (4, 23), (5, 21), (6, 19), (7, 20), (8, 12), (9, 13), (10, 14), (11, 15), (11, 16), (11, 17), (12, 18), (13, 11), (14, 3), (15, 8), (16, 10), (17, 26)]
[(0, 0), (1, 1), (1, 2), (2, 14), (3, 3), (5, 4), (6, 5), (7, 6), (9, 10), (10, 12), (11, 11), (12, 7), (13, 8), (14, 9), (15, 9), (16, 7), (21, 15), (22, 16), (23, 18), (24, 19), (25, 20), (26, 21), (27, 22), (28, 22), (29, 17), (31, 34), (32, 35), (33, 36), (35, 31), (36, 27), (37, 28), (38, 29), (39, 30), (40, 31), (41, 31), (42, 37)]
[(0, 0), (1, 0), (2, 1), (3, 1), (4, 2), (5, 3), (6, 4), (7, 6), (8, 7), (9, 15), (10, 17), (11, 9), (12, 10), (13, 10), (14, 11), (15, 12), (16, 18)]
[(0, 2), (1, 2), (2, 3), (4, 0), (5, 1), (6, 3), (7, 8), (8, 11), (9, 9), (10, 10), (11, 4), (13, 7), (16, 5), (17, 12), (18, 13), (19, 15), (20, 16), (21, 20), (22, 20), (23, 22), (24, 17), (25, 18)]
[(0, 0), (1, 1), (2, 1), (2, 2), (3, 5), (4, 6), (5, 6), (6, 3), (7, 3), (8, 4), (9, 7), (10, 8), (11, 8), (12, 9), (12, 14), (13, 11), (13, 12), (13, 16), (14, 18), (15, 19), (16, 20), (17, 21), (18, 22), (19, 23), (20, 24), (21, 31), (22, 31), (23, 26), (24, 27), (24, 28), (24, 29), (25, 30), (26, 25), (27, 32), (28, 46), (28, 47), (30, 46), (33, 34), (34, 35), (35, 36), (35, 41), (36, 38), (36, 39), (36, 43), (37, 44), (39, 48), (40, 50), (41, 51), (42, 52)]
[(0, 0), (0, 1), (1, 2), (1, 3), (2, 4), (3, 2), (4, 7), (6, 5), (7, 8), (7, 9), (8, 10), (9, 13), (10, 13), (11, 19), (12, 19), (13, 19), (14, 14), (15, 16), (16, 17), (17, 17), (18, 12), (19, 20)]
[(0, 3), (1, 5), (2, 2), (4, 2), (6, 0), (8, 6), (9, 7), (10, 9), (11, 10)]
[(0, 2), (0, 3), (1, 4), (2, 5), (3, 1), (4, 15), (5, 0), (6, 0), (10, 6), (11, 11), (12, 10), (13, 12), (16, 7), (17, 8), (18, 12), (19, 13), (20, 30), (21, 17), (22, 19), (23, 21), (24, 22), (25, 24), (26, 26), (27, 28), (28, 29), (29, 31), (30, 37)]
[(0, 3), (1, 3), (3, 5), (4, 6), (5, 4), (6, 0), (7, 2), (8, 7), (9, 8), (10, 9), (11, 10), (11, 11), (12, 12)]
[(0, 0), (1, 1), (2, 1), (2, 2), (3, 3), (5, 4), (6, 5), (7, 5), (8, 11), (9, 9), (9, 13), (10, 15), (11, 16), (12, 18), (13, 17), (14, 19), (15, 20), (15, 22), (16, 24), (17, 25), (18, 26), (19, 28), (20, 29), (21, 30), (22, 30), (23, 31), (23, 35), (24, 33), (24, 37), (25, 39), (26, 40), (27, 41), (28, 43)]
[(0, 0), (1, 0), (2, 1), (3, 2), (4, 3), (5, 5), (6, 6), (7, 7), (8, 9), (9, 10), (10, 11), (11, 13), (12, 14), (13, 15), (14, 16), (15, 17), (16, 19), (17, 20), (18, 21), (19, 22), (20, 23), (21, 25), (22, 26), (23, 27), (25, 30), (26, 32), (27, 33), (28, 34), (29, 35), (30, 36), (31, 38), (32, 40), (33, 41), (34, 42), (35, 43)]
[(10, 5), (11, 6), (12, 0), (13, 1), (14, 3), (15, 4), (37, 7)]
[(0, 0), (1, 1), (2, 1), (3, 2), (4, 3), (5, 4), (6, 5), (7, 5), (8, 6), (9, 8), (10, 11), (12, 12), (13, 14), (13, 18), (14, 16), (14, 20), (16, 13), (17, 22), (18, 26), (19, 28), (21, 32), (22, 33), (23, 34), (23, 38), (24, 36), (24, 40), (25, 31), (26, 43), (27, 42), (28, 46), (28, 50), (29, 48), (29, 52), (30, 54), (31, 55), (32, 57)]
[(0, 0), (1, 0), (2, 1), (3, 2), (4, 3), (5, 3), (6, 5), (7, 4), (8, 6)]
[(0, 0), (1, 5), (2, 3), (2, 7), (3, 9), (4, 9), (5, 10), (6, 11), (7, 12), (8, 13), (8, 17), (9, 19), (10, 22), (11, 24), (12, 26), (13, 27), (14, 28), (14, 33), (15, 30), (15, 31), (15, 35), (16, 37), (17, 37), (18, 38), (19, 39), (19, 44), (20, 42), (20, 46), (21, 48), (22, 54), (23, 52), (23, 56), (24, 58), (25, 58), (26, 60), (27, 59), (28, 61)]
[(0, 1), (1, 2), (2, 3), (3, 2), (4, 0), (5, 4), (6, 5), (6, 9), (7, 11), (9, 13), (10, 14), (11, 15), (12, 17), (12, 33), (13, 18), (15, 20), (16, 21), (16, 25), (17, 23), (17, 27), (18, 30), (19, 31), (20, 34)]
[(0, 0), (1, 1), (2, 1), (3, 3), (4, 4), (4, 8), (5, 6), (5, 10), (6, 12), (7, 13), (8, 13), (10, 14), (10, 15), (11, 16), (12, 19), (13, 20), (14, 32), (15, 17), (16, 21), (17, 22), (17, 26), (18, 28), (19, 35), (21, 34), (22, 36), (23, 40), (23, 47), (24, 42), (24, 49), (25, 44), (26, 45), (27, 80)]
[(0, 1), (1, 0), (2, 3), (3, 4), (4, 5), (5, 5), (6, 6), (7, 6), (8, 2), (9, 2), (10, 7)]
[(0, 11), (1, 12), (2, 10), (3, 4), (4, 6), (5, 16), (6, 15), (7, 13), (8, 14), (9, 14), (11, 24), (13, 17), (14, 18), (15, 19), (16, 20), (17, 21), (18, 22), (19, 22), (22, 28), (23, 28), (24, 27), (25, 30), (26, 25), (27, 43), (29, 31), (30, 32), (31, 33), (32, 39), (33, 40), (34, 41), (36, 34), (37, 34), (38, 35), (39, 38), (40, 38), (42, 36), (43, 37), (44, 44)]
[(0, 0), (1, 0), (2, 1), (4, 2), (5, 7), (6, 7), (6, 8), (7, 6), (8, 4), (9, 5), (10, 9), (11, 10), (12, 10), (13, 11), (14, 13), (17, 14), (20, 14), (21, 15), (22, 21), (22, 22), (23, 26), (24, 27), (24, 28), (25, 19), (26, 18), (27, 17), (29, 32), (30, 32), (31, 33), (33, 35), (34, 34), (35, 35), (36, 36), (37, 37), (38, 38), (39, 39), (39, 41), (40, 40), (41, 39), (41, 41), (42, 42), (43, 44), (43, 45)]
[(0, 0), (1, 7), (2, 8), (4, 8), (5, 10), (6, 2), (8, 3), (9, 4), (10, 11)]
[(1, 9), (3, 10), (4, 10), (5, 11), (7, 4), (8, 5), (9, 6), (11, 7), (12, 0), (13, 1), (14, 2), (15, 12)]
[(3, 10), (4, 12), (5, 13), (6, 1), (7, 11), (9, 7), (10, 9), (11, 14), (12, 15), (13, 19), (14, 16), (15, 17), (16, 19), (17, 20), (17, 21), (18, 26), (18, 34), (19, 36), (20, 37), (21, 37), (22, 38), (23, 39), (24, 40), (25, 22), (26, 23), (27, 30), (28, 33), (29, 25), (30, 35), (31, 35), (32, 27), (33, 28), (34, 41), (35, 42), (35, 44), (36, 45), (39, 59), (41, 51), (42, 53), (43, 60), (43, 61), (44, 55), (45, 56), (46, 62), (47, 63), (48, 20), (48, 21), (49, 64), (50, 64), (51, 65), (52, 66), (53, 66), (54, 66), (55, 67), (56, 68), (57, 69), (58, 71), (58, 72)]
[(0, 0), (1, 0), (2, 2), (3, 3), (5, 6), (6, 5), (7, 4), (7, 6)]
[(0, 1), (1, 0), (2, 2), (3, 5), (4, 17), (6, 13), (7, 13), (8, 14), (9, 14), (10, 15), (15, 17), (16, 7), (17, 11), (20, 4), (24, 9), (25, 10), (26, 18)]
[(0, 0), (1, 0), (1, 1), (2, 2), (3, 3), (4, 4), (5, 10), (6, 11), (8, 5), (9, 5), (10, 6), (11, 7), (13, 8), (14, 9), (15, 12)]
[(0, 0), (1, 0), (2, 2), (3, 3), (4, 3), (6, 6), (8, 4), (9, 7), (11, 8), (12, 8), (14, 11), (15, 11), (16, 12), (17, 13)]
[(0, 8), (1, 9), (1, 10), (2, 11), (3, 7), (4, 4), (4, 5), (5, 2), (6, 13), (7, 12), (8, 13), (9, 14), (10, 15), (11, 16), (12, 16), (13, 17), (13, 18), (14, 19), (15, 20), (16, 21), (17, 23), (18, 24), (19, 25), (20, 25), (21, 26), (22, 27), (23, 29), (23, 30)]
[(0, 0), (1, 3), (2, 0), (3, 1), (5, 5), (6, 6), (7, 7), (9, 8), (10, 9), (11, 10), (12, 4), (13, 5), (14, 12), (15, 13), (16, 14), (17, 15), (19, 17), (20, 16), (21, 17), (22, 18), (23, 19)]
[(0, 0), (1, 2), (2, 4), (3, 6), (4, 8), (5, 10), (6, 12), (7, 14), (8, 16), (9, 18), (10, 20), (11, 22), (12, 24), (13, 26), (14, 28), (15, 30), (16, 32), (17, 34), (18, 36), (19, 38), (20, 40), (21, 42), (22, 44), (23, 46), (24, 48), (25, 50), (26, 52), (27, 54), (28, 56), (29, 58), (30, 60), (31, 62), (32, 64), (33, 66), (34, 68), (35, 70), (36, 72), (37, 74), (38, 76), (39, 78), (40, 80), (41, 82), (42, 84), (43, 86), (44, 88), (45, 90), (46, 92), (47, 94), (48, 96), (49, 98), (50, 100), (51, 102), (52, 104), (53, 106), (54, 108), (55, 110), (56, 112), (57, 114), (58, 116), (59, 118), (60, 120), (61, 122), (62, 124), (63, 126), (63, 128), (64, 130), (65, 132), (66, 134), (67, 136), (68, 138), (69, 140), (70, 142), (71, 144), (72, 146), (73, 148), (74, 150)]
[(0, 0), (1, 1), (2, 2), (2, 3), (3, 3), (4, 4), (4, 5), (5, 6), (6, 7), (7, 8), (8, 9), (9, 10)]
[(0, 0), (0, 6), (1, 1), (2, 3), (3, 4), (4, 0), (5, 2), (6, 7), (7, 8), (8, 8), (9, 9), (10, 11), (11, 13), (12, 14), (13, 15), (14, 16), (15, 17), (16, 17), (17, 2), (18, 19), (19, 20), (20, 21), (21, 21), (22, 22), (22, 23), (22, 24), (23, 25), (24, 26), (25, 27), (25, 30), (26, 32), (27, 33), (29, 29), (30, 34)]
[(0, 0), (1, 1), (2, 2), (3, 2), (3, 3), (4, 4), (5, 5), (6, 6), (7, 6), (9, 15), (10, 16), (13, 18), (14, 19), (15, 20), (18, 8), (19, 9), (20, 17), (22, 24), (28, 20), (29, 23), (30, 21), (31, 22), (32, 25)]
[(0, 0), (0, 2), (1, 3), (2, 6), (3, 4), (4, 5), (5, 7), (6, 8), (7, 10), (8, 10), (9, 11), (10, 12), (11, 13), (12, 14), (14, 20), (15, 21), (16, 1), (18, 16), (19, 8), (20, 30), (21, 19), (22, 25), (24, 22), (25, 10), (26, 31), (27, 24), (28, 27), (29, 28), (30, 23), (31, 32)]
[(0, 2), (1, 3), (2, 4), (3, 0), (4, 1)]
[(0, 0), (1, 3), (2, 2), (3, 4), (5, 1), (6, 1), (7, 5), (8, 6), (9, 13), (10, 13), (12, 14), (13, 7), (14, 8), (15, 12), (16, 12), (17, 8), (18, 9), (19, 9), (20, 10), (21, 15), (22, 21), (23, 22), (24, 20), (25, 19), (26, 16), (27, 17), (28, 18), (29, 23), (32, 6), (33, 25), (34, 26), (35, 24), (36, 24), (37, 31), (38, 31), (39, 33), (40, 34), (41, 27), (42, 29), (43, 30), (44, 30), (45, 28), (46, 35)]
[(0, 0), (0, 4), (1, 2), (1, 6), (2, 7), (3, 8), (4, 10), (4, 11), (6, 17), (7, 14), (8, 15), (9, 16), (10, 17), (11, 21), (12, 12), (13, 13), (14, 18), (14, 19), (15, 19), (16, 24), (17, 24), (19, 25), (20, 27), (21, 28), (22, 26), (22, 29), (24, 20), (25, 20), (25, 22), (26, 23), (27, 30)]
[(0, 0), (1, 10), (3, 2), (4, 3), (6, 3), (7, 4), (8, 13), (9, 15), (10, 17), (11, 18), (14, 16), (15, 19), (16, 19), (17, 20), (18, 20), (19, 21), (20, 21), (21, 22), (23, 23), (23, 24), (24, 25), (25, 26), (26, 26), (27, 26), (29, 27), (29, 28), (30, 28), (31, 29), (32, 30), (33, 30), (34, 31), (34, 32), (35, 32), (36, 33), (37, 34), (38, 35), (38, 37), (39, 36), (40, 39), (41, 38), (42, 41), (43, 40), (44, 43), (44, 45), (45, 46), (46, 47), (47, 49), (48, 48), (49, 52), (50, 50), (51, 51), (52, 54), (53, 55)]
[(0, 0), (1, 2), (2, 1), (3, 6), (4, 7), (5, 7), (6, 3), (6, 4), (7, 8), (8, 9), (8, 10), (9, 15), (10, 16), (11, 14), (12, 12), (13, 13), (14, 13), (16, 11), (16, 12), (17, 17)]
[(0, 0), (1, 0), (2, 1), (3, 2), (4, 3), (5, 4), (6, 5), (7, 5), (8, 7), (9, 8), (10, 9), (11, 10), (12, 15), (13, 11), (14, 11), (16, 13), (17, 14), (18, 12), (19, 6), (20, 16), (21, 17), (23, 18), (24, 19), (25, 20), (26, 21), (27, 22), (28, 21), (29, 23), (31, 28), (32, 28), (33, 29), (34, 32), (34, 33), (34, 34), (35, 35), (37, 30), (38, 31), (39, 24), (40, 25), (41, 26), (42, 36)]
[(0, 4), (1, 6), (2, 8), (3, 9), (4, 11), (7, 10), (8, 11), (9, 12), (10, 13), (11, 13), (12, 16), (13, 17), (14, 15), (18, 14), (19, 14), (20, 18), (21, 20), (21, 21)]
[(0, 6), (1, 7), (3, 5), (5, 0), (6, 0), (8, 0), (9, 1), (10, 2), (11, 3), (12, 8), (13, 8), (14, 8), (15, 8), (16, 7), (17, 9)]
[(0, 0), (1, 0), (2, 3), (3, 5), (3, 6), (4, 6), (5, 8), (6, 1), (7, 2), (8, 2)]
[(0, 0), (1, 21), (2, 27), (3, 28), (4, 28), (9, 12), (10, 13), (12, 7), (13, 5), (13, 9), (14, 10), (15, 1), (16, 2), (17, 15), (17, 23), (18, 17), (18, 25), (19, 29), (20, 30), (21, 30), (22, 33), (23, 34), (24, 34), (24, 35), (25, 35), (26, 37), (27, 31), (28, 32), (29, 32), (30, 38)]
[(0, 0), (1, 0), (2, 3), (3, 4), (4, 1), (5, 2), (6, 5), (7, 6), (9, 6), (10, 8), (11, 9), (12, 9), (13, 7), (13, 11), (14, 12), (15, 13), (16, 14), (17, 17), (18, 18), (19, 15), (20, 16), (21, 16), (22, 20), (24, 19), (25, 20), (25, 21), (27, 21), (28, 22), (29, 23), (30, 26), (30, 27), (31, 28), (32, 28), (33, 29), (34, 30), (35, 31), (36, 32), (37, 32), (38, 33), (39, 34), (40, 34), (40, 35), (41, 36), (42, 37), (43, 38), (43, 39), (44, 40), (45, 52), (46, 52), (47, 41), (49, 48), (50, 44), (51, 44), (52, 45), (53, 46), (53, 47), (54, 43), (55, 42), (56, 42), (57, 42), (58, 53)]
[(0, 0), (1, 1), (2, 2), (3, 3), (4, 4), (5, 4), (7, 5), (8, 6), (9, 7)]
[(0, 2), (1, 3), (2, 4), (3, 5), (4, 6), (5, 7), (6, 8), (7, 9), (10, 0), (11, 0), (12, 1), (12, 2), (13, 9), (14, 10), (15, 11), (16, 11), (17, 11), (18, 12), (19, 13), (21, 14), (22, 14), (23, 15), (24, 16), (25, 17), (26, 18), (27, 20), (27, 22), (29, 21), (31, 22), (32, 23), (33, 24)]
[(0, 5), (1, 6), (4, 4), (5, 7), (6, 7), (7, 0), (8, 1), (9, 1), (10, 1), (11, 9), (12, 10), (13, 10), (14, 11), (15, 12), (15, 13), (16, 14)]
[(0, 8), (0, 9), (1, 10), (2, 10), (3, 12), (6, 21), (7, 23), (8, 24), (9, 14), (10, 14), (11, 15), (12, 16), (13, 17), (14, 17), (15, 25), (16, 26), (17, 6), (18, 4), (19, 0), (20, 0), (21, 5), (22, 1), (23, 2), (24, 27)]
[(0, 0), (1, 1), (2, 3), (3, 2), (4, 3), (5, 7), (6, 5), (7, 6), (9, 8)]
[(1, 8), (5, 0), (6, 5), (8, 1), (9, 1), (10, 2), (11, 3), (12, 4), (13, 4), (14, 9)]
[(1, 0), (2, 1), (3, 1), (4, 2), (5, 4), (7, 5), (8, 8), (9, 9), (9, 10), (11, 6), (12, 6), (13, 7), (14, 11)]
[(0, 0), (1, 0), (2, 1), (3, 2), (4, 3), (5, 4), (6, 5), (7, 6), (8, 7), (9, 7), (12, 8), (13, 9), (13, 10), (14, 12), (15, 13), (16, 13), (17, 14), (18, 15), (19, 16), (20, 17), (21, 18), (22, 19)]
[(0, 0), (1, 0), (2, 1), (3, 2), (4, 2), (5, 3), (6, 3), (7, 6), (8, 5), (11, 4), (12, 4), (13, 7)]
[(0, 0), (1, 0), (2, 2), (3, 3), (8, 4), (9, 6)]
[(0, 1), (1, 2), (1, 3), (2, 10), (3, 4), (4, 5), (5, 6), (6, 7), (7, 8), (8, 11), (9, 12), (10, 13), (12, 15), (13, 16), (14, 17), (15, 18), (16, 17), (17, 16), (18, 19), (19, 20), (20, 18), (22, 0), (23, 0), (24, 21)]
[(0, 1), (1, 0), (2, 2), (3, 3), (4, 4), (5, 5), (5, 6), (6, 7), (6, 8), (6, 9), (7, 10)]
[(0, 10), (1, 11), (1, 12), (3, 16), (6, 13), (7, 13), (8, 14), (9, 14), (10, 0), (11, 1), (12, 1), (13, 2), (14, 3), (15, 7), (16, 4), (17, 5), (18, 17)]
[(0, 0), (1, 0), (2, 1), (3, 1), (4, 4), (5, 2), (5, 5), (6, 3), (6, 7), (7, 8), (8, 19), (10, 9), (11, 12), (12, 10), (13, 14), (15, 17), (17, 15), (18, 15), (19, 15), (20, 20)]
[(0, 2), (1, 3), (2, 9), (3, 9), (4, 6), (5, 7), (6, 7), (7, 4), (8, 5), (9, 5), (10, 0), (11, 0), (12, 1), (13, 10)]
[(0, 0), (1, 1), (2, 2), (2, 3), (4, 4), (5, 5), (7, 6), (8, 6), (9, 14), (10, 7), (11, 8), (12, 9), (14, 10), (15, 11), (15, 12), (16, 15)]
[(0, 0), (1, 0), (2, 1), (3, 2), (4, 2), (5, 3), (6, 4), (7, 5), (8, 2), (9, 6), (10, 7), (11, 8), (12, 8), (13, 11), (15, 10), (16, 12)]
[(0, 0), (1, 1), (2, 2), (3, 4), (4, 5), (5, 6), (10, 8), (11, 6), (11, 9), (12, 14), (12, 16), (13, 18), (14, 23), (14, 25), (15, 27), (16, 33), (17, 34), (20, 29), (21, 30), (22, 31), (23, 31), (24, 35)]
[(0, 0), (1, 0), (2, 1), (3, 2), (4, 5), (4, 6), (6, 4), (7, 3), (8, 7), (9, 17), (10, 18), (11, 19), (13, 20), (14, 20), (15, 21), (16, 22), (17, 23), (18, 23), (19, 10), (20, 11), (21, 13), (22, 14), (23, 24)]
[(0, 0), (1, 0), (1, 1), (3, 2), (4, 2), (5, 3), (6, 5), (7, 7), (8, 8), (9, 15), (10, 8), (11, 9), (11, 10), (12, 11), (13, 11), (14, 16), (15, 12), (15, 13), (16, 17), (17, 18), (18, 18), (19, 19), (20, 19), (21, 21), (22, 20), (23, 22), (24, 23)]
[(0, 0), (1, 0), (2, 6), (3, 1), (4, 3), (5, 4), (6, 5), (7, 5), (8, 7), (10, 8), (11, 8), (12, 9), (13, 9), (14, 10), (16, 11), (17, 11), (18, 12)]
